0.9389259286364743 0.4768364195365352 0.0569549191776737 0.27704647274709937 0.5010830922909221 0.0013091963269090678 0.4224372386917502
0.8117631823610596 0.013103389205084914 0.17554663132934023 0.6773951206846723 0.6088935636116964 0.4662530685745516 0.26609915852498833
0.5763154483951911 0.9003252660772585 0.9232267796851084 0.9481466360435071 0.8162847441494603 0.760104764552098 0.872914944249002
0.38891644581704854 0.5829560668221228 0.7738337390747453 0.7979547689926345 0.10351435973578382 0.2613314812228047 0.4046930708288713
0.6990722686689897 0.7979068237457491 0.35247492138504055 0.9774791230544729 0.9438844457328226 0.8254211170829182 0.37280023403710094
0.08765012135372774 0.655731259582165 0.6587151945049518 0.5037130177293291 0.8582581792787506 0.8595356140683628 0.8066506657375686
0.7502820532401564 0.5932735098255517 0.3593441060339734 0.6346784966346827 0.22228574421926284 0.8162451230775972 0.5787440483394121
0.46511356601670695 0.37221601233934665 0.9116306740074124 0.7230374231775563 0.965083739357027 0.9997024497256449 0.8328871311239445
0.5444916130142222 0.5459185184384013 0.5488106653289575 0.9704060594111927 0.08052818612084434 0.8899199524402729 0.7509889943551733
0.18113755076814086 0.9005883726082107 0.6573304643980938 0.8115446681093823 0.9255362533270365 0.9021688022745368 0.7004236766676583
0.9399232602124636 0.7632106446805932 0.09037844465499123 0.7289566200068353 0.18449477979195494 0.9057237781282333 0.25265538147962974
0.8684839019570383 0.6971017530198486 0.26877331332591015 0.6217077872726745 0.36863098003066996 0.7372471484519179 0.25798022323739356
0.6880182851537646 0.7144716304469724 0.3126001759613215 0.9094467327331783 0.1906918900692085 0.7830626809922823 0.6654475723238079
0.27688755486875016 0.3313717993098183 0.9939502704413273 0.34196172604322406 0.267212141288777 0.5931250176937364 0.022235352615999848
0.3520086641302562 0.6151221922642676 0.1571405693355854 0.5245219420936441 0.7715838902922665 0.15777120126396482 0.9638425525323179
0.7767288376629891 0.5176415467647929 0.36601047263311015 0.7465344189415355 0.5755304332086157 0.559419251241626 0.19067525269004382
0.4408061461214233 0.9614255044530091 0.9069087547220829 0.5468394087643463 0.056392783383623746 0.35003003765430574 0.0963060549127559
0.5098332940581766 0.5048978935554496 0.015640866420848498 0.6937026624501903 0.9694686200012728 0.9120931309393812 0.8012254659416627
0.3214738622494867 0.06684945772819506 0.18744105299324543 0.1956080092229897 0.6082330329847006 0.006035878694091834 0.4175346442524298
0.1299564173149116 0.6268325144349806 0.8744950805560624 0.7197081686303292 0.13223467128604205 0.7836818574133644 0.03350766276786621
0.5103511872206486 0.8668586539512252 0.639786186067526 0.9154777065719102 0.09237576228574806 0.8633570256774743 0.8516644211144697
0.6092548001503754 0.4199479335141778 0.05511957006367674 0.6692282072776409 0.8421742619935666 0.48933246625065374 0.7710917647532683
0.5370582401068362 0.7982718254786106 0.30709761924531875 0.29679444051325576 0.143401389984815 0.28828114178195485 0.2538303248402387
0.24574507396846845 0.8640362053770295 0.5823226498663536 0.5585838927817771 0.7023953507599188 0.07992525564134823 0.07626930682431432
0.21011063926589046 0.1948829842398223 0.5492484914110145 0.4355366119543109 0.7188233031024612 0.6096098242865575 0.6440197996121648
0.5529538960544006 0.599945190541536 0.10479668889524851 0.6798139529223205 0.29244629946511735 0.41032362962916924 0.5098750114408914
0.6713809887681917 0.7664000038711676 0.9790146043528877 0.18837919293710692 0.9341025560290558 0.6381955091394923 0.06619093161774525
0.4291216291968002 0.23828516337180028 0.39908442348035866 0.5503580836866997 0.7443950623502601 0.5621317096961992 0.37714068227440545
0.9000715814828629 0.772172007103612 0.9681005837586444 0.6834376885267519 0.7183888938502183 0.5030935851024406 0.04375472454790241
0.8835772958114183 0.5178322722229448 0.3534212652154942 0.7834909237561629 0.6451457323526735 0.8827150574727297 0.8617007218428274
0.7751960018543145 0.3398575568558978 0.1544441291661699 0.2037452260364897 0.4241881390749733 0.5113123767739247 0.6793982533189078
0.01884259418887002 0.3911222653573585 0.07485218484101108 0.49235989241022937 0.19031908632144345 0.287908025547715 0.2916079595044446
0.012864361643552646 0.5685873056988369 0.7517070530417124 0.7398051143231975 0.5115482780346878 0.8467994322771332 0.38306421842108607
0.6420055240642444 0.8688878558335371 0.6093952113955244 0.830866840164903 0.4221106655691812 0.3934439639577847 0.861268950841434
0.7622526008591033 0.19500920209567119 0.5685637003384056 0.984626992607879 0.06668848727468923 0.24932238121234862 0.013069456467565632
0.40848802351841196 0.6376616692801012 0.04832288525694017 0.21210811983943567 0.4283033316531719 0.9202883805825898 0.8455130319220251
0.8643781137333721 0.10756285885724215 0.3405684092914306 0.48813844008541907 0.8472049533175524 0.24539616685039178 0.842298785775783
0.40607216417338354 0.19385246197942518 0.7228046224041705 0.8441917689158464 0.6270632161590406 0.7791248658493168 0.7656540259789808
0.8503739716424696 0.5367735401086685 0.7029545373901384 0.9496208444307775 0.8609191978551946 0.47232835606675316 0.6466354425907278
0.9445131181359345 0.5212711638433889 0.8144637006656864 0.6489319330724446 0.7607776004443596 0.1438827474710036 0.7176245193927431
0.4956270922937256 0.9736449153763829 0.5359984336727318 0.5778891667702157 0.43183238919755496 0.06449599599575873 0.49228267689017435
0.5539103994466547 0.712459479354123 0.4411031705523215 0.9299098385567899 0.22410501546942674 0.14571066891188333 0.10439920825555304
0.6079045808357392 0.10467268974379318 0.2507763968535195 0.7472630300282885 0.6110003722406248 0.36203369226412674 0.856206643971499
0.8874562822614264 0.55406219767171 0.4866656987625583 0.3302678541612982 0.44805026277707416 0.7078761780372289 0.46233972904162246
0.24827251419263818 0.8988242679965516 0.02265370155892943 0.6359850906556596 0.2739182184413109 0.9566922030457533 0.4831083895127579
0.6224949180660153 0.06581828525075906 0.9797593680231839 0.4186699456405025 0.7178855036615528 0.2506513705316158 0.22172567144913768
0.7422463080485333 0.7637231372633927 0.08141439245920423 0.11026981837531225 0.3007796632830875 0.11017870172063726 0.9961331278484111
0.025100232591669713 0.6076650959151385 0.02854265965394487 0.9785804144944682 0.19221503707535348 0.7534966993698873 0.4607785552463902
0.025390732818867612 0.19239355103828837 0.5774974067688667 0.31393235163432853 0.7152174562762843 0.3045604887600274 0.9890808411332899
0.8954066717587841 0.5917518300667355 0.35680642753434244 0.43163982296021897 0.9810270311604489 0.5683423901340207 0.46341431458872473
0.8108970534599925 0.20068863278536164 0.7057276951442097 0.24118982527643607 0.4863724390395202 0.41883042938900605 0.6462619431049089
0.9057906157008884 0.3952582267311069 0.9253038708310749 0.1479903114085842 0.743501842171758 0.3747822600373534 0.35385267770185536
0.688529405217972 0.16849368884813187 0.023800598657521155 0.09858152576064183 0.7392047032432032 0.0150386835353995 0.4058640699905921
0.7923367133922791 0.6428316985724369 0.5173115716248992 0.18251190544548157 0.7854204139291134 0.7270113742127692 0.4733559440630033
0.37134346626212733 0.8008987018529344 0.7999180826037523 0.2540172532280984 0.6357872075691245 0.08593397776486511 0.5574256215918186
0.3126819921259495 0.6387017980716242 0.16786859276913868 0.9692565142518664 0.9660359866833319 0.6855759713595815 0.012129689948582212
0.1705484611439494 0.16436379528212797 0.05318271868268665 0.6442611149917028 0.2705641446138777 0.1709112307084697 0.4708903019136499
0.0073874603535999395 0.2531342623157259 0.2769552248347129 0.6931649016104785 0.6190874497146558 0.07049051935332695 0.43955635598523957
0.15416652934063735 0.205714817084374 0.7824910791268215 0.5126330469591005 0.7135283292120584 0.7196734489310551 0.13541071336176114
0.7989475807608934 0.21908025370842488 0.6066461970347616 0.945356318048091 0.5119396443657444 0.1653696724875252 0.8705490054401229
0.14303814864875308 0.7067628951641727 0.8182379589446819 0.6285558260058527 0.5951898419684912 0.7620521258444513 0.5542006371962468
0.9251725483772058 0.12999470751304742 0.9437623009695417 0.6552201423316799 0.11478214889168381 0.5742197190866819 0.9046027162978785
0.20348786581058842 0.7982066856018492 0.827375960790544 0.006786229505954311 0.056642985925745015 0.3707224401201925 0.2002475989323288
0.09979175997590528 0.8263568443435831 0.5881812854729481 0.7308093288867415 0.9359901847546815 0.32931286274483007 0.6019169794762061
0.15044971388704065 0.5468186102926802 0.060366807620560126 0.8979160462539575 0.10808858484967931 0.6941602418627034 0.8699722486783568
0.2738144589746835 0.8142107678946695 0.0037673828410601518 0.17772171644922663 0.518630102806097 0.17960942148604508 0.34891427506985684
0.11200455081599692 0.9409158593494156 0.8158612973011866 0.751851332822968 0.3708357065717257 0.05694249590623368 0.6101564018618983
0.024762488625369894 0.33959527940504775 0.04727449520646898 0.1971917197801618 0.7387230596646391 0.5992348731854245 0.8527107427602862
0.03873654184018238 0.7685966920553772 0.5962079536249627 0.02665405156470868 0.3317094832101649 0.6160666029356655 0.341751888691621
0.7536576640264466 0.30156112102590416 0.6837183555973368 0.5779329342070842 0.2885484502182888 0.9532965660131762 0.8568480849505119
0.5032872304267546 0.7814141960592269 0.33043033611447237 0.5255741226676237 0.17522138846681556 0.41988590090577105 0.3447768223939127
0.7531275308674172 0.8679306830539575 0.29458481506849 0.779381017753327 0.23277149482727355 0.4377282998274038 0.8145559594919942
0.15223461716140396 0.5073264258910457 0.06467247266500176 0.8721765110179597 0.027873369307519602 0.3292242221058783 0.10098254097148751
0.3766146889072718 0.7100643116584722 0.5226835173996608 0.798640589915541 0.14827639489442146 0.3958261367991721 0.8721349249500329
0.3897721747726903 0.2976624807194087 0.1722405352246208 0.4754161605430335 0.37938192492644784 0.1483935470993848 0.9573391007067057
0.45375555526719846 0.1281560617286116 0.7129416969324679 0.5906902313973871 0.5691420775127769 0.8401353657126128 0.14842333437007493
0.8686669327924148 0.1115209179135187 0.18684882034044992 0.9084029990461127 0.8588861949636447 0.9566319900968892 0.760818602590297
0.9839424589950864 0.15181075659870213 0.38428037238818724 0.16220460577306117 0.6449918570865325 0.4879686550699601 0.4169260797632831
0.266781133198557 0.7543652608345458 0.45758522672650237 0.3688208020320749 0.5123363532097933 0.1621413203789952 0.008151987573701724
0.4511749039602393 0.7102140522377836 0.9547381603679487 0.5470109744811475 0.7893035942827451 0.7273379086274946 0.8576013626446242
0.5460150361822662 0.2541053042028585 0.03141910287484384 0.9621461817067261 0.23662247647483703 0.764992488075113 0.9565520673169547
0.18542324732205873 0.9438444498766639 0.3870592899858355 0.9053850713147952 0.7386578059454373 0.3208542931365984 0.15943687686139252
0.33059610561844543 0.6737383479518657 0.5057608373836643 0.6916722263701857 0.23754345046061753 0.4320236878501552 0.7629618101244398
0.5520516703355275 0.22712065131534598 0.24219014352319146 0.2846247241433284 0.9538809741780659 0.8886332977852092 0.7545000561313251
0.8632548906036348 0.6203201769576588 0.12947034902218735 0.29161356767483904 0.9668841949846915 0.8378247187265736 0.18120475875221886
0.4705130345878952 0.6091579760776875 0.4659048424872062 0.1381951136055507 0.15372285227100158 0.7726480088280219 0.44792879167949706
0.894467167172238 0.4548705625045534 0.19443832742672817 0.12911921031875018 0.6415724425289482 0.907103633991559 0.8055425581002003
0.033917416135638034 0.44234658660003967 0.7161028053577579 0.5897772178342715 0.6609167854470577 0.5330632035976273 0.3851443434697508
0.7805086737624839 0.4095131810640099 0.31916931025214246 0.998649525695207 0.694594028430488 0.5322494436834876 0.4294546418647648
0.22289523611405415 0.16155202521781775 0.46864974465028464 0.4512683399238313 0.5703758486981211 0.41630399225600634 0.2638825321123234
0.6363812700451242 0.6039840769796537 0.846325806024152 0.8553374276713946 0.4143902910901298 0.2781586347895544 0.9452999612659606
0.778847195754096 0.46337645443885567 0.36675109693769725 0.40654428902581463 0.13294490447932117 0.07550999119955237 0.7716196636412396
0.789617703760555 0.04375081111962542 0.9862131777875472 0.34527637880395334 0.4487905398275086 0.8222298161579824 0.7834114954985251
0.3653898794905178 0.8368551156294531 0.8628573344216942 0.8894251490167285 0.6346654466497007 0.5818687927989978 0.4550708133436957
0.5212499888061991 0.42093958804944187 0.9000771854444277 0.2044914970967785 0.8603247909560511 0.7996255602172347 0.30474202429790376
0.8835870673048434 0.5893308712193385 0.022630142488703986 0.9123536374937393 0.21172900154502816 0.32020517013632044 0.49111579886500134
0.3148011902530744 0.9862610894669827 0.958803037917378 0.8293510785178247 0.4934010840650711 0.8388305426621241 0.9637417141135198
0.6148211942978232 0.7961296216747471 0.11372769640487479 0.12440257367927998 0.8967453943739093 0.5698804910348096 0.5885339975491336
0.10553885527655127 0.4356359789948405 0.7522032081317304 0.30487965571166686 0.04567009889068785 0.2022760246821126 0.5908870929723279
0.36267776548338193 0.7816095393399339 0.8262658257095042 0.5826084735717276 0.8110476633833298 0.8376682180465198 0.3121557914366009
0.5375301121277357 0.9833058145491289 0.3716536586959954 0.17157258914922235 0.4119349429539635 0.09502662140474138 0.9292351150406054
0.6371867738329813 0.3396735368494278 0.4926855622165007 0.16567159256114217 0.04559883628400585 0.10596429424936882 0.9609456672595266
0.1329843879685868 0.891771043614757 0.40130600779829195 0.3058836828216902 0.11393612124343644 0.8518051285350401 0.6654333718003439
0.9779913436233965 0.2534615621237464 0.4822921994395618 0.9498884561076026 0.7400405921555027 0.4955904603547967 0.13996470427536123
0.32592562646067713 0.8330095462472943 0.10984036639736738 0.9281476114642816 0.8393954427503253 0.19406117193374905 0.9444080472023981
0.7833510225287359 0.07123821405618602 0.2811536777623488 0.4129287914601878 0.5437237824140189 0.9285114746351621 0.35737484361701644
0.04835763582392549 0.09315085259175782 0.7075072619246145 0.4283955949835886 0.7862990622653567 0.6351918538972843 0.9143636300018293
0.9411860220782128 0.4947057761482012 0.7179676193143059 0.3167534729794643 0.5447799710281132 0.5269689903564545 0.6213771500286137
0.4474989365417884 0.9335375216170116 0.5711648580336788 0.30208582351457713 0.8224961368914229 0.42359255851734934 0.40314580006571643
0.9886304802113483 0.9058113215511582 0.06530619370242274 0.13730107101948663 0.6473937681847731 0.016716034613991737 0.3944568205102019
0.35645742550673665 0.2505518696701221 0.6218964232589783 0.38703072587804366 0.536845329660731 0.5116780856349639 0.6527739141253938
0.25653823718089974 0.6360024914927862 0.7674899525486696 0.8607137334839109 0.31255507490991696 0.5961036805573944 0.4056294618482499
0.7304161091044598 0.5190788932172279 0.3589231744979525 0.530683738732336 0.4228944141431863 0.05374761896238367 0.845660274795561
0.06427259180321665 0.8766121231541526 0.46740139176294715 0.22803368038377247 0.9109707796768841 0.4470415294008041 0.2949238312157494
0.15718967070149759 0.13681165088286906 0.49592968035013785 0.9790727054065643 0.08171509712312441 0.18211003851914853 0.39054943720122604
0.07083650659240037 0.4858356818195583 0.2707131485265799 0.7137248210505969 0.11132088224556302 0.8704713870542367 0.6276434569477193
0.062257583358057866 0.6255833892054056 0.22463707261513544 0.4462955753805433 0.6485272323055259 0.6111982783519725 0.05904252660811771
0.45693629554752846 0.19139964502602325 0.0940887155597182 0.13671026403709918 0.043197561963142284 0.22397104804160728 0.6480797175247068
0.3918325126909141 0.41626841335271914 0.2663235374581653 0.9317761482022118 0.3873242791603051 0.08635804517333268 0.6034370247587069
0.08056587377294788 0.21391613599898385 0.45302320304478316 0.46997660716446665 0.0971543500081572 0.6159493823185322 0.7434339099856277
0.4502914692316935 0.7585741542662924 0.5676590616920114 0.477627125795685 0.48979533177954304 0.6040669521170431 0.012644135499524145
0.5450657150330656 0.03484986965197767 0.030400371073733723 0.9812201694743512 0.4489484401875736 0.24273796992936236 0.543562043141544
0.830495849720579 0.24166100820218184 0.6300078211399311 0.48030822061916956 0.6764205129005323 0.21439162429333947 0.6004244268124261
0.9537870480495443 0.7924400654234472 0.981585712629522 0.3832869587671006 0.7427053017582776 0.18848818011454016 0.20463052298250672
0.13452678410949248 0.5278939084766162 0.612089780447712 0.37449175014640146 0.8392629448829085 0.6908251695061588 0.9032482635655583
0.7017554435419132 0.38555958574564886 0.7419224738565106 0.7395918969986154 0.3438581300017659 0.33271434306152403 0.15128480180198944
0.8858661995028021 0.4798032387899843 0.12185241689545201 0.11009499241115261 0.3991273569503959 0.5830809047494464 0.7975939571376669
0.6196008657782148 0.46056446316340616 0.7692803440547555 0.563003963823457 0.9521054873289352 0.1064633576356715 0.5815348265446002
0.5452920601938375 0.3471785483059098 0.886814696382552 0.808054740641231 0.8475925399509041 0.18162863013029495 0.5613561157588755
0.6601239645407728 0.8728356802021693 0.277323615547603 0.540040919493154 0.365976482760658 0.3424977624173653 0.4575091259708328
0.45735537824273786 0.9341715033427747 0.2771998557141956 0.16397457575093755 0.7488558431835743 0.8675266590379751 0.22469186000923302
0.9725305788223431 0.4358088039143635 0.674156667932104 0.4875345180942763 0.33699591419618424 0.08408026999869778 0.2904844168097144
0.3805499528970805 0.4403359847421693 0.5851870713531774 0.9095963188004589 0.7791734589132039 0.7348493277487129 0.144620049242276
0.5126762602182029 0.6794025020031806 0.8186248551046568 0.8587853457521009 0.1488336460786892 0.11704392358563998 0.017238993073167674
0.2813169983310585 0.8992131938042537 0.8511601983227146 0.8674018309482384 0.9471600565610738 0.7204088825004784 0.9096388011798893
0.21117434871848884 0.46872790138064346 0.47204380561916137 0.7870686219889454 0.22637513829895284 0.6499269017858518 0.5498174889055438
0.02356392410327013 0.6397296014802734 0.9907912102921204 0.5150182762041848 0.5681764439801075 0.2784457871729039 0.5212537224386957
0.38542422552928723 0.7275617290779329 0.10924510901900053 0.4155642024026076 0.8898629600737216 0.8521255261412528 0.8415530209218767
0.18508555457046472 0.5220591165052191 0.3002752262926197 0.13819589336056048 0.8315617962891768 0.48300084305575386 0.2623993989313982
0.46025287318797803 0.8469726553389864 0.6946645602277159 0.19339787496153749 0.1436254416645414 0.06295961031583852 0.8509124165465205
0.41771541777798493 0.9077197972259843 0.18019200846036232 0.3396939827491592 0.15214745672193153 0.8964408761553213 0.1974858888176384
0.7305153296951039 0.993719633448229 0.19431573035471394 0.9314132230656225 0.7209153958291761 0.7601047387381711 0.6055555139450997
0.9209245736626452 0.4996745234836967 0.06526052564606422 0.39845287100272264 0.28558231631319175 0.9238739693205061 0.7429982444120201
0.3630231504364251 0.63556932622917 0.9061146233627672 0.6643374722265939 0.021500077026181175 0.7878193353976979 0.06994027174066775
0.49348054150980847 0.2605598901919185 0.9029224111280827 0.5287179256568563 0.1774434353011719 0.5864399426588454 0.3618881725478683
0.745992968391439 0.9329831732535286 0.35342594008403794 0.05460239242494136 0.0354264147939366 0.954384558825898 0.29471869478384183
0.22991672877115454 0.2728355618680216 0.40871591898448356 0.769399651594696 0.4963710143933505 0.7958967344841573 0.3947008109227371
0.47756203542148534 0.9331058096218114 0.2257928081717535 0.8669903488399037 0.9771226145612422 0.6927663883903555 0.20514375605056934
0.22798086452539335 0.9565369991593884 0.650133530616898 0.2718679902544855 0.9164797799659572 0.33708077312938833 0.8320779207173524
0.457455117018846 0.4992333076030627 0.9025273878454858 0.07632211317821624 0.542502724927884 0.634928134088799 0.07886003779256345
0.6505969343950355 0.842583347506073 0.1962087975038711 0.4437485017032742 0.5969829871623482 0.4271942393865108 0.4468286252224333
0.5799175286918167 0.7616751194056566 0.7546300652683613 0.797945145721713 0.22793105952267012 0.8087045006442383 0.6434644163693292
0.47642760449206534 0.8826226710862527 0.9197295435414679 0.058762851864358145 0.45621143760078064 0.025308140915289434 0.6512058369681559
0.781001533586704 0.574537503658195 0.37822566712660066 0.13545515967665445 0.625480201609014 0.6521832715143131 0.047296655100727225
0.5773246715196114 0.8872065614360323 0.2542101696614263 0.3617373530181778 0.5625301295302895 0.8187611249742439 0.975029751360482
0.09780998982567046 0.5931969539796089 0.8991457180836139 0.669218999604352 0.08256039799999682 0.3176864041341766 0.6682009104282047
0.49964513480216055 0.2724871148950937 0.49976345714650294 0.4067307886112511 0.08473318755448966 0.6218741487043082 0.7173730140188733
0.4501361922486379 0.9560106822298274 0.6956716133366483 0.6570021547816914 0.713731390882477 0.16127712270444838 0.5578798182906236
0.1927904449682334 0.8170683704600122 0.5308721843149796 0.6992440325584115 0.6825004257428833 0.1787220651989987 0.09485218464505019
0.16893979398201253 0.47887126894528764 0.04020239923454472 0.9929983449790506 0.25045835347607615 0.09210601339326752 0.9934779477173583
0.007113431424266237 0.5687429493063175 0.2649802850801324 0.6315027562769036 0.5162620310259923 0.8117633556296221 0.5622637915916294
0.33878126192955893 0.8868922712992804 0.6265423721477408 0.7597896261320739 0.6909528997385919 0.9506357078784697 0.5174440279001246
0.8672560894516622 0.6118461275270899 0.4671847462472092 0.08000970600328539 0.6496446617129948 0.6367233144867458 0.41870434819014357
0.31771773003427883 0.7165185420655847 0.23714069971957263 0.6124946543557497 0.21929845935556636 0.13550451115305728 0.6452317599301635
0.07656280422251693 0.5527664159969518 0.14969559654498177 0.7253583882673635 0.11889287592382314 0.8558317560268256 0.5587812686643884
0.027239112887277317 0.8606292560156632 0.3653466627615406 0.9710210229658004 0.32353653850867947 0.5757790898866617 0.7686390286278408
0.9644193713104371 0.41763007372148053 0.4396977547686125 0.6949287142751123 0.6451266216410738 0.11413020284719078 0.9054705867785936
0.2413424758523589 0.9057380730596368 0.37122935148108804 0.07930430495581786 0.3900203317631835 0.25477763617430615 0.997925691921753
0.6878482870665912 0.23496760803432315 0.22405409026308842 0.31651582789455424 0.8946479836202252 0.36179224021806744 0.7019324819465715
0.19810924725421564 0.685434114003225 0.1626526105943088 0.4356718160636921 0.9241975635041909 0.5529818129408411 0.984774178292286
0.03371590821404491 0.6437509621943793 0.4551160486418412 0.3592429748530064 0.2931322542102611 0.7190560203167142 0.3148795244742195
0.584648823019253 0.048136571293432184 0.06098506150942651 0.25649881502516114 0.6622515747401353 0.429580511509567 0.8001020026356507
0.3598579344242371 0.6543631395923135 0.07989183428956192 0.02821276581148957 0.5965144730526344 0.27981698392696663 0.15688819264950982
0.15376659826704442 0.6232868345329915 0.790652603864049 0.9102524679727072 0.674645574872652 0.2602318617944235 0.1463382170781139
0.43307044854086385 0.0692021257757266 0.47438408442817326 0.5089419846412147 0.18255903760319392 0.2309672043407881 0.013950360517430371
0.38811111680516075 0.3380806245042016 0.2399555933137284 0.32619854392827485 0.9498503987517627 0.0885875469169145 0.8040660833509307
0.1033158989388292 0.27415950348203144 0.5622456112684983 0.9365037622334659 0.2769997061676275 0.700414487474205 0.7883786611651651
0.5465525501376292 0.09254308679463108 0.4961303570026173 0.8934512859030277 0.3231729726262883 0.5374893080356798 0.8491770313204096
0.9367049859632104 0.8976907968396749 0.03682139726056921 0.6213028147772893 0.0232623445339456 0.25697637820872044 0.6123481593702562
0.8216086272522861 0.03807663700136488 0.503945734698945 0.9122452426690162 0.4411115157384087 0.5155562543010519 0.11585507752350743
0.07746858886231556 0.12296254628597081 0.06044569777147846 0.8250733289515125 0.3075032994546718 0.8720522306591302 0.4743512233024003
0.9896808170103162 0.2849836059600461 0.8378038591707897 0.18626109807342195 0.870950143750227 0.2934085285436292 0.8476303234854664
0.7069349966353471 0.4715661842678103 0.6976624392127042 0.36108224037860626 0.9242982346740166 0.0957591007363644 0.950349575905439
0.30546470361462175 0.6720017674119958 0.31574354473087063 0.3039686500429408 0.460903537997577 0.028935674636937914 0.3541371908917361
0.5897894517758434 0.3876295026834399 0.37114690468422007 0.43180784532868155 0.7135996013798505 0.2686260340745654 0.351878609080288
0.9799547593942423 0.6553588138131533 0.35141534105117067 0.3027279847158696 0.4812652282846174 0.49472926982850063 0.42843661130539656
0.07467125084570392 0.5533365856123267 0.8505763281555533 0.08455398657445234 0.7173869118727435 0.6597394579327237 0.9149694668311195
0.6809778428866035 0.22893555709594726 0.883461258169239 0.6445208018516437 0.24659596182343757 0.9656965316023193 0.14718694641665642
0.9711541474277063 0.8172978151821476 0.8658367316046602 0.8711958524474477 0.7168680374884964 0.5791212391042573 0.8336520901589551
0.0991552360537663 0.20995223721963285 0.5623695113664007 0.03505588888760647 0.7816267828071436 0.7064198714920051 0.7491501747847317
0.12302426219623219 0.2907413406335555 0.7192473101831676 0.8679247899176343 0.5761982258499903 0.5846747722252353 0.784386607043022
0.6990784406038402 0.47343660785091024 0.8661269221973364 0.8684324355871497 0.06707657316261639 0.3034565251250918 0.46821435532940614
0.3219794462007175 0.8559586625369846 0.5327757171318689 0.3647393756144862 0.28746889403570497 0.12602882543779736 0.5687923296978928
0.09188456537598799 0.9219578822227035 0.5269294659646439 0.7633729105195259 0.4330839218829342 0.7887564454122417 0.6710307364844705
0.6987640623107745 0.5008421662007 0.8571138010720422 0.6422251496682211 0.27045158583869244 0.22394966087093582 0.10124936493865466
0.5694481395593208 0.049218249501202904 0.1710193201407868 0.1264791832958524 0.7129841151703964 0.28327374153926965 0.7739572799118729
0.12948721734283541 0.547809622603478 0.746274738990736 0.8585560564238268 0.5377005277253365 0.7939761114820779 0.3612840008607109
0.7424491785703765 0.7944649541074708 0.06071243169428575 0.10762739966815416 0.021497053402440458 0.06227337134290423 0.19215113829563546
0.8972108985292231 0.7955180157307733 0.7598799275250376 0.04652201257240163 0.8715248154545812 0.335841707837394 0.1636109870773863
0.047658395033701506 0.14171553931100145 0.3602332082310339 0.5399581379849485 0.6498117663281774 0.8166926587273423 0.2935539354923753
0.9072791078265139 0.16630616477651483 0.7804654728764069 0.673945767409526 0.8620388814623607 0.7860945624980455 0.016952363823691585
0.24909531981851818 0.49166465492469413 0.33732911119613507 0.6406069868126602 0.19217425831492907 0.8029164998041548 0.24026400293034222
0.5767879578411952 0.3701693739895596 0.7781115981485394 0.6388389016610692 0.7442641763557469 0.31008742161055247 0.8902048425917717
0.8611904739978764 0.7060329608628253 0.26439199879157727 0.6159082767379843 0.8485461216306431 0.20534181412441377 0.41706450056490674
0.5702291952280244 0.3630042181735259 0.32442997594982415 0.851592810763696 0.18140872786178563 0.7461236360083047 0.2623900308991871
0.9376360232398879 0.7019570993949302 0.6916283049825013 0.8110275823219042 0.4354737875043584 0.960353478134933 0.2468179547212327
0.28010221255677425 0.2080258306667847 0.8259553423210845 0.8406611708235315 0.4904186536506152 0.9565093993205915 0.7747596732422485
0.9760798955466512 0.3766294571875265 0.8085954398077956 0.6515585377232214 0.13366094789639937 0.17157781253151128 0.17624012172150416
0.6949736140233594 0.5420703737698634 0.9874429319861939 0.14728874383763646 0.6161030601254489 0.3978245069018118 0.07605654890379154
0.6656573693808806 0.22046341178082263 0.32963999707680736 0.8307683572026038 0.9362911210541981 0.8502707221121186 0.20439052769539134
0.3507598034867627 0.01975177536053896 0.3753138219510642 0.5496279281273393 0.7286851464299005 0.43897894953866756 0.863789726013824
0.3226054868576457 0.28732595515548864 0.281657394336558 0.5379019486050721 0.3003967125025333 0.38166626999944253 0.9017697444939023
0.5882849300802157 0.40079540875524156 0.27307401253531094 0.49733624369811624 0.6635818088891843 0.15923562601745267 0.19878436487081896
0.9633674581944291 0.27951809403686434 0.28774937382754795 0.7910127874638635 0.19889095738213636 0.12450436206876725 0.09942289482640432
0.4021628470186924 0.07366274005158191 0.5543855582334194 0.6315593206493426 0.5816035983816644 0.8885517338061185 0.5758198332731361
0.33671878825171697 0.010443200443044365 0.6325288335756224 0.5541851835143046 0.06261349636295144 0.9041721122830884 0.060388726383747704
0.12938038650501504 0.9652876823913786 0.7165746899521725 0.9908517223276334 0.9566167041049598 0.32994365796912817 0.44433592540323974
0.7411672470218 0.20954267755186573 0.6636506047488226 0.28835767109006516 0.4196865087294769 0.7176432954764862 0.4460161559430921
0.6032521114844349 0.037670449454383026 0.4587742215756798 0.7546633171180968 0.6291625371893774 0.10041492695490506 0.6893750842525967
0.5212815590358572 0.6925585735304453 0.938099626546472 0.9617393003494893 0.3793004010933366 0.16678898284888388 0.9054541632809987
0.8375620522272422 0.11456696814116396 0.40327059407830157 0.32213179278609316 0.3973737360840446 0.296537005572303 0.5903308786619921
0.9936762276146599 0.46269627580583783 0.3073872583215197 0.0006254100275349117 0.46560403355703417 0.1662266959634111 0.47428313824036594
0.41044558769228656 0.2573791472390554 0.8619094979171426 0.7957412704533966 0.9494378242115643 0.6706044225738415 0.07621836619353806
0.628546751405705 0.5003784406528861 0.2867357891725216 0.4971654555889671 0.1927400507016206 0.3919277817497995 0.5749671968660868
0.5514021986694805 0.17317174362726562 0.07922901910223756 0.31354068800205614 0.5748999658301943 0.6309358797404719 0.06177744493169224
0.24634304577037291 0.3574469074824578 0.05597552455345467 0.5704168568226874 0.5789254147553217 0.28852344448133826 0.7023479736033883
0.49240155219355497 0.9054097773360011 0.7882686127238765 0.7127186531594878 0.36013477131614935 0.7058431257814327 0.7919398572145744
0.058882423184278276 0.8766188263664279 0.9384146030522776 0.17536344257759828 0.8214675356368087 0.15913130148216315 0.7250169527999685
0.7596242561576374 0.6918910438341274 0.3117149018542169 0.945286051158089 0.17681518485573933 0.6848112691404942 0.7208533201484026
0.8724398341495154 0.83696879230253 0.2892381018044352 0.13440090047811282 0.1594770025849792 0.4616630502726883 0.021181749956691975
0.34215223120476124 0.08682607604937553 0.4663687610365522 0.10323705232500624 0.5566329804617443 0.5148044139311321 0.4067481338999066
0.6236495221597046 0.9299618619620694 0.4457072931218071 0.31687971080969823 0.10449012869510499 0.4268980768543019 0.6046208612590382
0.5200133415090936 0.9434123943366508 0.6535599126511822 0.239037285587127 0.4940836450652918 0.11946252285571812 0.05684992378065179
0.13743731682481508 0.24504511511791682 0.43803119294382675 0.12578927406842555 0.5493229300214909 0.7802541754645721 0.14745107653538647
0.4256830756354425 0.9929241444556476 0.8638693944428155 0.7294875213982309 0.47327570176987044 0.4462909187924704 0.5709430581830501
0.12902631891860528 0.8143383711237989 0.20191092580740633 0.009330907558652624 0.4653469792755238 0.421681828994393 0.11470518252123929
0.7802649700170138 0.9242506584648622 0.2536515165756814 0.7886094631912605 0.8306400925745657 0.0032007660616711897 0.2739988325746221
0.7866724391212309 0.22985320709644108 0.6573607741336427 0.5180924633497196 0.76126091986533 0.3366412922365206 0.9831848950491203
0.13277876939279043 0.6943745848264405 0.9513938022638946 0.6148273054740916 0.17319795248243208 0.712127135016786 0.09575954690646415
0.3446679201119356 0.446748338403235 0.8922388366173347 0.0123905926762784 0.7468353472833352 0.7691790794258051 0.8722972752724566
0.005234082481980651 0.8232256282985693 0.1475109066414655 0.6304171527455197 0.9940212435049012 0.4461733949418458 0.03401940562038863
0.1660424397945769 0.7638825250218946 0.4802855621920812 0.601640447230096 0.4538815378498632 0.07721321991514263 0.6182669308174129
0.5215294237742788 0.12180412659321127 0.5442444869913621 0.7154748962925571 0.5464557071439087 0.30419317294538806 0.6565409774613294
0.8232071847314508 0.5508759396877233 0.5878661510709249 0.1666627217556036 0.7121952981701107 0.5630917947274774 0.9879381044850416
0.10846508077827965 0.5998483159714493 0.6471925721712617 0.04860002202205571 0.6449399384249418 0.49890323238897183 0.7143143886080378
0.5138401662434027 0.5658788593149526 0.22919898362658342 0.7511039354227569 0.9119159033861678 0.2382998021216528 0.6178991976449069
0.12525694166771217 0.6523198673416292 0.10080302033951927 0.7274405102075495 0.20238302068435188 0.7569498455156644 0.5006682846887556
0.5587088806325783 0.1484266166223137 0.025040562262909405 0.22302807926394785 0.16162849929215828 0.8774085875892184 0.8926743291886272
0.039188955675062864 0.0631396951133365 0.8829495204408488 0.1116792655920067 0.6332366053893835 0.5267086319744043 0.5206681593252555
0.1785163152525302 0.28194780815611387 0.45144781748758367 0.9775832173290474 0.033022332607126836 0.14186179429981116 0.21636478376874457
0.567457531011417 0.07772882944888215 0.14442511629152566 0.5818522887691204 0.5270796220582354 0.28450410917221003 0.0037230035905461145
0.47070898331362965 0.25980623937145375 0.1757630267101712 0.558625012142454 0.9836166701893804 0.6114478099367844 0.7997972488957744
0.012182960597619252 0.9041236926353985 0.13751565495974372 0.9140046530803008 0.2290142834608988 0.17185940967039715 0.6722561667107474
0.5962872334525748 0.945104754569872 0.470662187625414 0.09660639709148788 0.023288207822314444 0.6379227760556111 0.35335794179024027
0.8097936727099405 0.5827702873962242 0.2974293568797445 0.3979386461438589 0.40535923040687405 0.3462047820399321 0.07488510787704095
0.8285448988139129 0.8364275770594085 0.13845965491749235 0.9171344633503768 0.04328828171895538 0.7812462098865933 0.3089312499075132
0.2077295496178746 0.6814347540027889 0.9002529258880323 0.6457850256956117 0.9461939931489131 0.05123190134065014 0.4607996229414182
0.9703384657776575 0.5789288147162929 0.11631108191601192 0.9154428395627805 0.4010821931052564 0.33846634185751445 0.8895106457488049
0.5001023814873204 0.7683698865749248 0.2571383859466597 0.9260964408722475 0.7693696808026789 0.4018189610656222 0.1885996678389701
0.4430070154225101 0.8380055977945153 0.2813017598317461 0.6122867947819769 0.2474600625537393 0.13579560848475236 0.8881773915186227
0.894097971430019 0.25993983055548275 0.028890782392997916 0.7993481741609919 0.07628512211925464 0.0055838502692996395 0.2828427044051923
0.8473441246631956 0.5744438762683448 0.14294942268647448 0.40709293141858394 0.6393444086070827 0.5857105637083287 0.4274215303431722
0.5276491400974992 0.2907745408257173 0.19148942166963512 0.7869479372626047 0.23569163350005762 0.2856154609518011 0.06950740548722745
0.594795627708336 0.8912571536517433 0.6348806662958828 0.8904523893253617 0.45841255362741096 0.5728990532128209 0.8047014650627156
0.3924339464723994 0.6740532525213903 0.5649926035918346 0.17300047418689002 0.06575135240885965 0.7554335288640993 0.9997739423312368
0.26722703990612884 0.5256264377126875 0.8019182497173323 0.7562424394421204 0.30156843466143224 0.6607398425668137 0.27860171038008874
0.4402829336974511 0.3265069789777574 0.6367935734096307 0.843852242057159 0.3839639304802722 0.5302105118908403 0.3136547249823586
0.1880936758103301 0.6331860211959802 0.8320393847056498 0.7163943038748501 0.26928997940288135 0.7532742801211566 0.9455351493115205
0.11992444649698153 0.22157026632748722 0.2826487636992935 0.4271729535287935 0.4244178393671134 0.5220947144148116 0.25867270190558866
0.9000038609268035 0.2698791640681889 0.6234923293925534 0.5242629740917117 0.13450303197438884 0.8654436370175917 0.2566762792178412
0.23118021370023212 0.7985841184713399 0.36657254045921006 0.2530812966538528 0.5995742025472605 0.2677079296758431 0.1444760093486236
0.555197189283734 0.07749896890050456 0.2332713572825058 0.6925870488395681 0.4350468374320626 0.17612914874725205 0.2281686527332798
0.7883866417447787 0.048512364144517206 0.2634480146808641 0.2073888627715239 0.6910495536066741 0.416940072670289 0.8962394966065977
0.2178629644186415 0.42756667577254703 0.234210123546988 0.777097109042613 0.4445936226383985 0.24301170992539933 0.21895741751411746
0.7084983344352022 0.3358509829399583 0.5938450904192524 0.06453654155103106 0.2416076779214148 0.808603762876783 0.9452524310305966
0.21218569606324966 0.7568470753702492 0.12663937904679712 0.053353950404966044 0.6635327195154892 0.9989972800940645 0.3567793803825341
0.3815632553675852 0.87026487277943 0.4048745800092006 0.4324079350001361 0.8611343940606178 0.9062397709211195 0.7935896966977933
0.9567285811835908 0.5419194656631434 0.2761792522883416 0.8346548221047027 0.3465499761557639 0.15411504871373605 0.7794618163296124
0.9203646764435351 0.1953881717631577 0.6794005189899661 0.7621939039364773 0.5917258952516711 0.02508998204551105 0.9383890260792582
0.11946373403990873 0.4262092879240349 0.6813120750018263 0.24674444369070736 0.9529007701635572 0.8109166271378769 0.3921842610556756
0.5030156184333267 0.09456497003571618 0.7927489562066162 0.4651069426448854 0.3922854781295291 0.1604475995984872 0.27573689111231114
0.520851529059882 0.3231284225563895 0.5811790690930911 0.14330311693327968 0.24385143663039255 0.23330871680430476 0.8294745504046047
0.24781900222484943 0.7229678436035236 0.6781253994701608 0.3714764900463514 0.3244763583456728 0.554753304328591 0.38890093371220824
0.758106203109608 0.8818470650351712 0.9259104147441295 0.1538560988995511 0.7826653297952524 0.8827565623458749 0.6812069832465323
0.09917300671018303 0.7791848841105741 0.884657933199901 0.1427696067012595 0.2967040667718637 0.6398983104840842 0.9975384981872114
0.34601808729334127 0.7333224213076731 0.9413775523766249 0.49722891463074514 0.9604192962720202 0.6106897003468371 0.5471243469323435
0.18904830919178928 0.5614796602241487 0.595477485090263 0.9190922222696867 0.5917747899374035 0.0818524997613237 0.9315428782511277
0.2485806665593263 0.06786230569630503 0.11075855819659441 0.683703343260324 0.9789969235537416 0.24524587391499741 0.44109611937152104
0.20629350391061008 0.465411378508511 0.6874226933310608 0.09202782574398816 0.29174392807982585 0.9190454793724149 0.28074033573807033
0.5132540340767906 0.6095991085804598 0.713199280699748 0.37601972394144345 0.856042312784777 0.4250223969205099 0.7895216416477441
0.37064722777518644 0.32660408422813403 0.7931584055306029 0.1569164620378024 0.4838042382198968 0.3779049430509993 0.02376445834493024
0.36095855557733303 0.8019513170946987 0.8809614468369491 0.4372494790031499 0.47189603462393614 0.905691770295269 0.9007804111510406
0.5570114313424912 0.5716255520637057 0.04806393265958431 0.22243838877790068 0.5690509066052222 0.7930915807316944 0.7405233303285091
0.5107562372787733 0.5665274240574966 0.5126755496292139 0.017907834889608232 0.32896495552287 0.7154163721393265 0.22992737834686572
0.6713965313611955 0.01724798377217085 0.2716539047181198 0.7639754798584548 0.9815457804226696 0.18507850802688497 0.6066434166630543
0.4919620025683188 0.508120906337853 0.3838022344635196 0.7801190204316634 0.2399571635818788 0.07312084518852202 0.9575091764540367
0.8508549024957967 0.05633977942086221 0.766086219258391 0.7594925887560151 0.19891757033153246 0.6046520705623872 0.14900689628628072
0.8075193800258201 0.9605841955673127 0.3603832361955761 0.4308831025156792 0.0920201836969966 0.574293415048719 0.78434058803881
0.7791637997640632 0.9459675938444783 0.22922852298515128 0.23065019628574446 0.4230968241371711 0.3852820484018391 0.1091345509776499
0.37959971891413813 0.9365347084158938 0.8137990797665742 0.6835905725104151 0.934020172340347 0.27614010606822625 0.36080024626594975
0.07497713312771526 0.8762283884668532 0.8801106182291797 0.33203406115160183 0.6290784525904521 0.5962856712764603 0.4563432385410764
0.40314648606773473 0.5382049222175491 0.4879885894576804 0.28280440600282675 0.7642117191657168 0.5140348690041441 0.9174610957865044
0.34067552749191743 0.314385296667961 0.09494689692481928 0.3791520062146476 0.21674826136615255 0.8813780714028344 0.32130134451571557
0.5628195104832059 0.5014919333474172 0.3128504729967406 0.03644832731684122 0.9780376713527686 0.1070013992371962 0.971101366239277
0.47352158168248204 0.8380659656731605 0.7356948218777785 0.8213455361211199 0.40971485475910197 0.08126275316527753 0.7767781893998944
0.6626329921659208 0.7068473311152192 0.7482133911904856 0.22283684324126518 0.38562721155048285 0.0840859965802977 0.4987496777631496
0.5583579441881055 0.9608995133785962 0.6624598386012839 0.8577388324413602 0.9463087028671225 0.788478373653629 0.5586642808178367
0.2750569594055078 0.34570603425526425 0.9683916324139358 0.9923744453401387 0.7207691582087844 0.08857358833508655 0.8399776955828019
0.15669011081940876 0.6380074656851648 0.7655620283940399 0.06435039764011785 0.15143853565972276 0.7036032630891301 0.24129775945374077
0.19780641646578778 0.6592446909466603 0.1048145978074293 0.7037999718764899 0.9826569552076696 0.47869148151284646 0.5909047830242563
0.9437248011754662 0.758304071168361 0.0844770777083873 0.9615081836599805 0.3162515523375725 0.25506459397089964 0.9454246747483892
0.26775506098749113 0.9000215278853901 0.3758680441337984 0.2850883167611413 0.592639831960782 0.2805046123500202 0.3816183279191381
0.3307837446690438 0.9478431404280125 0.6668128238961357 0.3323374807699858 0.4185285136808965 0.523845796462533 0.42056887781046437
0.49838117142338934 0.5424995604598214 0.22803083379263533 0.6273859025371106 0.8649501173975104 0.18528875750555107 0.9679877456636887
0.7061795386246227 0.6337969201917022 0.2964554611175332 0.08121735047963885 0.4749871072392 0.20955144139285076 0.001411663239478611
