0.9603740991633767 0.8055986377288216 0.4887741487959444 0.919048541538853 0.13529863908946238 0.32566352787088293 0.7859045109763151
0.6603063482514647 0.6782010006666308 0.07034070375734924 0.7407968668393715 0.07084542043016906 0.1644673164191286 0.07152165451620396
0.5606865394317139 0.6560952085690703 0.5198272380218837 0.09540598753608875 0.4892099905076178 0.12907640441896162 0.6616457017831286
0.47898929501805987 0.00024894802143715644 0.558484943531738 0.9186496282619704 0.6211479721121149 0.7863736854097125 0.7647784106496894
0.5437952957428102 0.5583469376956733 0.9437835110063232 0.2935595678576616 0.20315312750603676 0.6109705193697684 0.17366881720750982
0.49623602560552305 0.9746839182488559 0.5712638525055208 0.8090279078094457 0.8625023647888502 0.3384205668018071 0.6280947798400773
0.6983866205602198 0.7095894033419153 0.5231866562564574 0.5080931620621948 0.9841072041544668 0.9958556080930044 0.6675965763575129
0.0754008538109503 0.6791173339530308 0.041040030134103844 0.1672950989912536 0.48666881907021375 0.9595912898831342 0.5555464982415741
0.05952292036884077 0.5702698405828845 0.709116248004595 0.39909057637124035 0.014710328697422392 0.6275486043381626 0.07249314082059766
0.4242348668685074 0.3533571551796928 0.7969246904918594 0.07277609678414654 0.40346402417469895 0.4308821244751775 0.28265539673253093
0.5699612323110443 0.28742547803212826 0.6710411964775638 0.6649703621133094 0.8020449251806331 0.034116964811629735 0.6517698410606094
0.5116297374566501 0.012971504400234757 0.12121131157102683 0.539511948026888 0.2685762524099997 0.5784705006301896 0.5885390232513845
0.0642201997769587 0.9525916021811338 0.015306735050201636 0.09128592670720603 0.09605574812618445 0.055884909937755634 0.078679998337014
0.8659072697019452 0.37196935988156943 0.5211261186489979 0.6869567838483702 0.2833816964153417 0.13942479651326434 0.3202713543128207
0.44045174217295935 0.12158003881371204 0.9182229923364005 0.0696006508709941 0.06082347226830764 0.5450136546953644 0.33569558789579745
0.587386342657629 0.46258716368411856 0.6746786216886751 0.6314729011909128 0.46882003584555754 0.722672214149074 0.33068893557377244
0.8929729307054833 0.13078175197629482 0.02214254507401503 0.40860729942083807 0.6623607153158497 0.739958390822543 0.6972389995946189
0.31824351011698526 0.7668000033462015 0.3064696302083314 0.20233162587010423 0.728418996404035 0.1400586236233713 0.03258333222882748
0.8465828501985655 0.6246843643073386 0.6037458221303093 0.9449738458743611 0.16569628130411862 0.10872734213936108 0.4086477850628173
0.7286404600978246 0.8443761374257109 0.3154339470016535 0.8448804432615677 0.6896659474176225 0.699457848780922 0.7003033411820611
0.27760345291316135 0.4519806635711141 0.051344465784767146 0.7552939417713919 0.013352397881042699 0.6219282226579296 0.56192066820151
0.9779437892973578 0.012308820104309781 0.5692530299743812 0.6105365332728199 0.5423842898370591 0.6255918393923867 0.24929023352464896
0.10689363075237446 0.6978491974451374 0.42752341104959835 0.7477532147311443 0.03805068091139674 0.9625555920971574 0.2238190928697762
0.8751962890963084 0.7382813744856811 0.26766119921825604 0.44981323694938957 0.3308100219831802 0.9767693102120072 0.2974960063138732
0.7667467283325605 0.6605183531117552 0.07730686693417899 0.08143321976732487 0.13767545152048632 0.9140070291469454 0.6920808731265221
0.3060018826999322 0.3376079694499182 0.93674604512802 0.9325743297066146 0.508690183359217 0.6020811602560439 0.1319474413723205
0.9640875665876526 0.6818919896705585 0.7798633607942599 0.922904979228414 0.6916802138807789 0.18815192164121186 0.11074016034350098
0.23376873923260166 0.749668633159109 0.7087417668042554 0.9917248119702059 0.39225182884481 0.6338271487612694 0.9547837804494538
0.30153357261991287 0.8483524997198251 0.25039674244245325 0.7990103303627687 0.9292119151168838 0.9220295857490914 0.5740045343385454
0.27376754656960167 0.7857901880132215 0.9347635634704436 0.9331690732850324 0.6848581201397053 0.8376290803884417 0.8044324349863169
0.14607229092264795 0.218451503418145 0.31917191589748584 0.39544424003069334 0.5940428201201059 0.6119037343247186 0.7954280696881028
0.5347964086434047 0.5851484680156819 0.5483544790326023 0.9801740628054668 0.3833453020371188 0.9863841340893099 0.3355759646930271
0.2546749639174398 0.471671902551389 0.016186372286971507 0.23332587975155006 0.7570593842015391 0.22929736138377765 0.8734129024378386
0.24159941991687883 0.0776740737960685 0.44247854044973234 0.820211048390136 0.024394810002876355 0.10200518416203119 0.4538653276898311
0.4393351912922473 0.7425734497868905 0.6033546635922137 0.9851825435307462 0.753546889794695 0.947357793053564 0.22820548239912086
0.07160438401586577 0.8135648637219796 0.9012683021220405 0.8440045259568585 0.04930932040282143 0.026288501695334365 0.45197301110718524
0.4782550066208435 0.4537683366764095 0.3074674710218174 0.8349561063369716 0.41176099501036 0.41967681232175613 0.5255861486548503
0.374359077614868 0.4350614370147715 0.21989938968950418 0.5746261936014874 0.19483783389106746 0.030142148911499578 0.12933814234922547
0.07184711838781621 0.6431619210100192 0.6709909554735627 0.7931226909659941 0.6615042906316684 0.7868209332498023 0.9022638125782448
0.3180975580100144 0.6121309663692027 0.10049804714467947 0.4252501986799573 0.08256785049168025 0.05047523388809405 0.9408747229341612
0.025049107623992928 0.03972869899111986 0.11956589467531487 0.11765357705446289 0.26260930586347686 0.39180066363572574 0.7457483058573706
0.9046196318206053 0.030689069185119044 0.6817159108283245 0.7101318077421817 0.939968002465193 0.36155948889457645 0.20901633918278473
0.8691037866180885 0.5886463531689469 0.26734373750532825 0.7863673243148788 0.38090367305192896 0.9626827031398478 0.37420550019795495
0.7575379595348195 0.5272624357906293 0.02542233233232616 0.9911057598169766 0.11168447789884328 0.46431761048401266 0.6309930564464004
0.056202796195725435 0.26188057967196 0.29764440295951344 0.6405383458001705 0.5489579090520075 0.016784544974046245 0.3318271175555665
0.1480700000824411 0.8612677083643413 0.3089136248317387 0.023189621581504394 0.6189215093605793 0.7909951935751752 0.07379078389267524
0.06889600428573706 0.5678179344935035 0.781681482037383 0.8934866882720863 0.9667586582232992 0.15143945703795336 0.5983782589610229
0.28099999954130395 0.4883021212189026 0.09470039458865742 0.706911945808047 0.5412770175928918 0.9457047987064214 0.5245568251073672
0.3876314674160448 0.5009011423142933 0.1761688146265229 0.6545668842672144 0.36238945197758465 0.13584836695654978 0.6457753107449967
0.6111144668489092 0.7035044469104672 0.12500095656826182 0.8823410477136493 0.10297800305794358 0.7209458227821415 0.6774394183014433
0.22110652889383642 0.6485300491876084 0.5534256037031723 0.056097415899621805 0.37527327869524174 0.8015663174832386 0.5397402968621913
0.6000281498610467 0.00889482018816068 0.9563551950490474 0.8419976697018716 0.07419947308001684 0.6460265744547944 0.7954442614957559
0.9671365116684703 0.6780187880677336 0.5221031208197975 0.7225628833939265 0.08478357480146903 0.8158987692103281 0.13063485284554233
0.12417271359425741 0.47371931719210725 0.45033113062241237 0.7177991913736071 0.9591275428794972 0.2095023739042865 0.809550294188766
0.47599460915375946 0.1904622510163445 0.22695978167457886 0.9116256291201142 0.800569217794091 0.9308174758577373 0.20669600784493036
0.8579683469965769 0.12584797464324837 0.762763502582243 0.34894313440633307 0.31033116699797225 0.6129683099026756 0.8669911099517027
0.5782760549858101 0.070205718400011 0.3878622459848078 0.703184092098974 0.7674400041591631 0.09530730776110807 0.5039384844812349
0.3547793380923828 0.35864870603168064 0.47322867752574593 0.20289219889027665 0.6219582255121013 0.6310500899179615 0.8066843094742772
0.4953500711572364 0.5717316568516928 0.561255488536368 0.09462806430392579 0.6999391281765548 0.8153012365956059 0.423277635614991
0.30193440970545726 0.6177784265068635 0.7918068558610377 0.658973362624408 0.767818395088002 0.2669068814139801 0.944834670055094
0.10828442496106494 0.7924502710379376 0.2898081560834269 0.6243895921342717 0.02105836736990707 0.36309970097093613 0.9423479701273474
0.318899985410501 0.4434016371268119 0.2642540612137567 0.7842485133431751 0.6999539860358084 0.9481560488371553 0.7905883730554515
0.2701785142611559 0.643070860306561 0.9035217718869074 0.9811216632702738 0.8581381983974988 0.40811247299494835 0.027183917805783442
0.9739188102896771 0.005393248205046275 0.9868189134092368 0.6248385880481384 0.024482267409750014 0.263004112624765 0.05579461691534782
0.46218963996299567 0.6989410987718347 0.9085466364121735 0.30650383724266406 0.348198312398889 0.3266982692802254 0.9921004157485841
0.29337878651416505 0.5404103205190535 0.9015213522831683 0.45399484646287536 0.39884766015896345 0.21604147891524272 0.7215632878183227
0.6085265510153636 0.2508027765795169 0.3589472599648097 0.8742391643332104 0.43320979670678694 0.48540801579865844 0.8436192030310329
0.7934890424764355 0.014503632965815805 0.37603745900226726 0.3003092242700459 0.7700019802306999 0.6368864574195586 0.2346628803089651
0.05529732817401822 0.5393493314098984 0.9856733435461421 0.692740636388824 0.6653394886697528 0.03509749801588824 0.37631162305971744
0.7299632241506668 0.7421767858533449 0.39370825791483566 0.7055165064147015 0.580455836881345 0.44272486267440403 0.08908320168498096
0.13739572680537404 0.7719978189240099 0.04232192785403899 0.7689896347594524 0.7392022199155976 0.23936611538488384 0.29461657920917406
0.313373884208774 0.152901875913811 0.6798033562720596 0.6038274174705394 0.33957959414418015 0.7350368915933573 0.35124761263811954
0.6402724827092103 0.959693681104254 0.950897134244366 0.7692948504762445 0.49877561102670276 0.24236920390773986 0.7865343479047942
0.04663547720060468 0.04544121963841041 0.17596630372001498 0.5063941537923016 0.9663571447365534 0.7199900484998095 0.3340194368290367
0.05279776999700447 0.7308902716944498 0.025784028848871654 0.720105027502701 0.7045279067234356 0.32119202444807515 0.6857142351077842
0.13091479578706888 0.20931942954149096 0.7595503332599792 0.05107318493513524 0.14047916217555068 0.9712564486456994 0.9350697492217527
0.9312750598991417 0.38580635966306154 0.9352541938853116 0.8831208599324443 0.09051237116557898 0.40514962929105225 0.019575888099493954
0.4764120807599198 0.917295426242766 0.49040617368692263 0.15467132042958687 0.5935371834274595 0.21244792267041634 0.7217327757239824
0.09975137871685358 0.8248136362169987 0.8637452994856206 0.11308542675766908 0.051203223610364446 0.35315090453877895 0.853567519548521
0.07141648590704208 0.5879358607116301 0.5339757279408053 0.7643938922636406 0.19056168874910173 0.7268814588584402 0.34339263226677874
0.3046978025446745 0.4226025126259383 0.7667109540207733 0.686912871920336 0.3974135869038026 0.76485887525839 0.8479239881612817
0.27074646371643407 0.3305314520431448 0.6209584095649263 0.5329606186772763 0.3641650682790495 0.5653914302833908 0.8358539613802379
0.33730233970688517 0.7547375154943943 0.011761424824591193 0.42572868607774883 0.39587635538446575 0.05683282200013695 0.03129159390033209
0.9364306177264479 0.03289295437485007 0.22131352624120215 0.9927239927522097 0.4895418567917149 0.9566777861724244 0.5139372173119042
0.6992931811167803 0.9754530519237298 0.33178216155436446 0.3881755010351666 0.4845581442625352 0.04994250013973889 0.9370641254030916
0.11289103833116532 0.5641833596934175 0.18093480425656583 0.9749255213572487 0.7022086330200611 0.14750210031510602 0.33596240532897925
0.9951382135982493 0.7549440519754859 0.1910933946322988 0.8528343629756849 0.4067501691330673 0.44932781407454536 0.3207931513886024
0.31977494781394356 0.6989375325139668 0.2907756833798123 0.05617651445945704 0.21617213263436874 0.44011064731299365 0.11635168870859514
0.38963237545323404 0.04714032150191105 0.29557608200151286 0.3058664410103852 0.37496769700767263 0.8629856886828429 0.029342966104737855
0.8179268926021299 0.24481498559195292 0.39535896634882395 0.551818960748765 0.5072615936972267 0.4299075391495808 0.37789072638583476
0.4938878715200512 0.332514671201235 0.738818702587866 0.29663316662743033 0.7791931732953771 0.8868260874167448 0.8990549414678239
0.07181608075098711 0.8690286849803625 0.24195840391223222 0.1298659109929574 0.8723680418778471 0.6672139829909581 0.9258624286594759
0.6579013434545047 0.43509337269183856 0.8409284446347093 0.9263464265638921 0.6101603694971101 0.1657779516952983 0.1372373704253146
0.5994249254667132 0.1228212613434364 0.09136455537961674 0.743068614909775 0.620755920263114 0.8262744397189885 0.1328825735766157
0.9851178239883984 0.35252447865173286 0.3202188996992128 0.3312248577473139 0.31996270172858476 0.3498555376698298 0.11462022862308618
0.08899065616055735 0.4844424121845188 0.1517256618341496 0.7661999995619226 0.5159692254629782 0.5516262478755275 0.657413985303856
0.9862830991244271 0.4105760073319633 0.4337004671762733 0.8918120013810888 0.6976221156074005 0.620337472107139 0.583678285246345
0.47516515413324967 0.3007086849662868 0.24283678509285234 0.9088186405586294 0.48189840801665407 0.10404914721295788 0.9240267902895117
0.5859666901769712 0.6160313734153555 0.9900416347715442 0.8443664351303077 0.8670195518083714 0.7943163960139431 0.08090759046043339
0.16722779715509273 0.5112257324304793 0.9053063796453992 0.12329678135367617 0.33820242435877224 0.7749514712057262 0.036449854117426184
0.1017564589996719 0.850086010404808 0.09083145077875732 0.8648925397899507 0.43099076404483017 0.17901314389219114 0.986461089915233
0.544709772100154 0.8241351774655401 0.3324729237313737 0.3539133230976519 0.07772763534668514 0.8449854624425758 0.6812689490802797
0.533214794016886 0.6152962929547597 0.04381361669757011 0.04260664913272216 0.9148692707287444 0.3822181144105786 0.9229060323320615
0.6153879283757938 0.11690882526626967 0.8563674679649058 0.11931995707139287 0.5280370715026164 0.9126332900535834 0.7917843738521353
0.6591258665646581 0.2653514592900188 0.1604599951350042 0.6685620526976604 0.6652456917689901 0.5203501191327248 0.0897292106412042
