0.34142379718845917 0.94006356638679 0.3950461567146972 0.5429392088360391 0.2821980117030115 0.7013398758089926 0.7226281859812282
0.5368692798580675 0.4573831074016571 0.7196118916174974 0.9395989041992725 0.21639596608788536 0.47637742752116685 0.7663188306955192
0.8773225489195798 0.3467799032978134 0.4117673675135387 0.47986274995170575 0.6540726639491323 0.03585342983809847 0.4241635996022225
0.5287697357222515 0.024234640905960836 0.8693226492332881 0.15364834387608062 0.8369981452284979 0.5788929022269336 0.5788765525646887
0.9616667674192366 0.526957094984948 0.17068696965834562 0.34225168469585265 0.6012408871951813 0.9527297673906554 0.2750104127990418
0.8607292005597725 0.7320143473390603 0.8911628140276335 0.512246483482267 0.9721685031949633 0.7922346873761309 0.7224758803340036
0.2593109895954262 0.49184076308429814 0.40769035161369016 0.7362169491344305 0.2447933410419746 0.3464928628217123 0.8923562013149203
0.4803874653018405 0.16977200277641813 0.7892800571537439 0.5817926078811447 0.16394691502752112 0.21490133300262315 0.860281723008711
0.8995234309552305 0.9085562849157207 0.39016921202684574 0.32192329083761984 0.55013120380864 0.2762437415770568 0.6642794080054871
0.7415651575546577 0.9288350966358635 0.10506336250574533 0.5406234210819977 0.12779307699992615 0.23408203986585197 0.6741465926398372
0.9070506781359851 0.45298426449496443 0.6224543556857789 0.8264358292127294 0.8276304164155813 0.575496437301487 0.9880018088080896
0.9482100283349184 0.7396377647095373 0.3955218073567658 0.663287370418062 0.5265057763816013 0.35546903812111885 0.18141547838276983
0.15574584839914063 0.6730187282394011 0.5403626112442446 0.8784439749172716 0.5963928519680797 0.03970765522311359 0.5354660671129299
0.596263054908743 0.23034306126875126 0.08939874488358457 0.6385226851582998 0.061681441212359744 0.7806002089783125 0.2457431824110078
0.6030805994728315 0.2412924492769326 0.42745715391548444 0.8861551758434911 0.4001895716347791 0.43384606619885435 0.7033967014179515
0.31706553764097256 0.9976815675536921 0.058144699422936874 0.2867701865895774 0.2960179505816136 0.8713459390151641 0.5640133703427588
0.7488978903465798 0.007635148336067044 0.7028327395547234 0.9942505963468601 0.5541077217394036 0.3721938495643963 0.3709353833889514
0.6735199076172571 0.901341863841294 0.45438985391639686 0.6582889222511745 0.8870291021030288 0.41955094404648885 0.6417621036332647
0.14064098018708204 0.8951328701722928 0.3199590823423699 0.22210616930278515 0.9869954899201002 0.42912815512289537 0.9019468064261534
0.9105197360360053 0.552085588918722 0.22480585864125757 0.6702429885371761 0.5291230876362844 0.17563871950614607 0.09520063257241718
0.784968169452989 0.16920588472706632 0.20411386855666758 0.4565919542147948 0.10953117657550349 0.6906072455109082 0.015172915069582404
0.8807115664306905 0.9742682411729979 0.6257131441025015 0.17591329480819173 0.7350171964948626 0.5763534105368511 0.6266644834853695
0.0075400420261395595 0.7856803044131533 0.9354452618482573 0.42541552497506063 0.9339558410114488 0.11111411254055603 0.8801930019611052
0.00962431822838139 0.8212915305409529 0.5322586576688914 0.9886085145342174 0.591952977586258 0.6757501504937741 0.6754182806507575
0.27311265863851386 0.24605480914336186 0.6643831313934759 0.583097532292114 0.5801046462789788 0.7088391054336963 0.9982054697398761
0.4895788415153455 0.7424767562994138 0.3486635115217882 0.33835654443725105 0.9853494927070978 0.650776225670002 0.0727448852662258
0.20870277692397154 0.0684162921020478 0.9989529730136231 0.4286312825422872 0.3930144071169446 0.807780802888344 0.34501054859157865
0.32364459978250637 0.22065315932329377 0.2197411306355268 0.8477104203264756 0.32747787537540773 0.02719791445410158 0.5779671440387374
0.7800768116711759 0.5721232921551334 0.9379500762822063 0.1765793039977993 0.18193860035511566 0.8680373020026484 0.213774513174263
0.16099649561380736 0.8982469819754945 0.1750152446101675 0.6753737058247951 0.9210091332274513 0.5665877400160905 0.5484554111541202
0.5256045209185183 0.7134177674669783 0.04098792176238952 0.201191458547742 0.05910542252973838 0.416260679117612 0.9929342311335445
0.09367582174165845 0.7110877219252705 0.8930153113343152 0.4372264924063701 0.3818752805569765 0.3353545620922992 0.3607284249238788
0.13042192692469734 0.5886503391647541 0.28707282961617664 0.60603202481951 0.8154314107983458 0.3984207818968525 0.8429861791515473
0.769724454340374 0.22519839555943044 0.12173374203778797 0.7574851224729438 0.4692047822882497 0.24492898280665243 0.15048130366390033
0.35762346116671817 0.130674422349512 0.2179602902793134 0.8925559777050571 0.6144063508014084 0.7514052545187323 0.4300641040469614
0.648503903103614 0.8682610532008175 0.17805006490987396 0.7752978342970621 0.8951279766851575 0.7169845110717431 0.7628114247090966
0.5278520245158037 0.1431689814716428 0.6234669016492808 0.19906641460331043 0.17678981887430567 0.7463019980450322 0.8634363322252785
0.19818685647190126 0.8167315588148133 0.8018795661676285 0.23530965405006488 0.40057553713752325 0.4763253510374619 0.27498328226730473
0.8677593048927544 0.40797556778809907 0.82325728410317 0.2042823017005838 0.15859609232402394 0.21438311006571198 0.7411800920174408
0.6734133565720307 0.1354396711998589 0.4029056511929445 0.7240767376200336 0.7361212141309618 0.49276660798944105 0.9261667434705378
0.5568384981094026 0.8685315849284135 0.45339805694606405 0.08862425140022911 0.5473208408162766 0.45469063088889927 0.8625756451472011
0.8690250808006964 0.5171733247851507 0.14975591195767834 0.22426507145496022 0.783666247328759 0.4860273257184786 0.43153854021362636
0.25778525004170383 0.7063497140359214 0.8373142042603477 0.8396385685555869 0.18971682159773007 0.8626132326406686 0.49768849424476636
0.5777451327881613 0.48364539984486843 0.26206162226861895 0.22809988161208883 0.5720782768924001 0.6417819365146058 0.46409270404567227
0.7192744154731362 0.2757635561990428 0.0014370006268190627 0.22882356558139139 0.4045438511185342 0.029522850593279415 0.4338187903398739
0.20058700793163742 0.3935731000582704 0.057492712129617374 0.26587314292185305 0.10645500090128035 0.16835824308638891 0.46357527462604065
0.8486041832992046 0.5691334954097794 0.6275840200866583 0.917531423227793 0.7529172684106072 0.5205715567419203 0.43300379153136304
0.846346283961001 0.9570534806601064 0.6855799690802782 0.8540300736951549 0.5862164932006977 0.5286406918071963 0.8827181001855118
0.2837968100295808 0.1658866927364816 0.20743536563726295 0.6521462648231913 0.3364318265546913 0.2617528339734272 0.16633547793597747
0.9578032674044555 0.8329618992009762 0.360737559310233 0.9796001971058638 0.40938092886288135 0.14439560704389143 0.1732329472072901
0.7929138064730457 0.5884675522939045 0.05310666049462598 0.7184375270454915 0.7433332290371788 0.8178379314106085 0.22257808993582373
0.44326867375363355 0.5158225479186502 0.3382434762474198 0.734698358456989 0.3229585763420316 0.36478396474135966 0.10946860225284516
0.8331444676681009 0.06851913557134415 0.3015728876921099 0.8446285040163722 0.6671744279491171 0.7087307611894357 0.9302013647472177
0.2537377252121945 0.5928162400239325 0.8757631197195257 0.03907001539563759 0.062361252852554894 0.3927662622058179 0.47452314857432687
0.9169516308966132 0.3335836513431595 0.20534449532734245 0.1606987794161393 0.8318937827939804 0.5538881712221176 0.2240281452984052
0.8188507101154842 0.2047215099172619 0.8468850949373934 0.8168199466304019 0.3497465596850776 0.1707864418739642 0.4651368028438483
0.9445971763432199 0.6589689412951636 0.9558517900211445 0.3794035063708925 0.07205728851169213 0.3417020530478463 0.09498450069015518
0.26957317537462655 0.09387683407672243 0.4259999325163327 0.12528364054548724 0.8482119373954742 0.4400837100151034 0.7755820936483553
0.5782995593256114 0.09720163352553457 0.11567579773016112 0.337016508829725 0.9986869985783373 0.05888775221144982 0.9507352935239015
0.46264150818494076 0.3950653653339794 0.7113047153959156 0.6665660836232226 0.9041060992145492 0.6247127561965113 0.8219723562250998
0.10277045642218419 0.16705032822018373 0.873232747207451 0.8447902466694804 0.6956911119343906 0.6616899928861133 0.9440330887370613
0.17591045803724548 0.7388055242698538 0.840433221025482 0.26937513115998013 0.38906067630645014 0.8652650053614284 0.4642227952484963
0.3548468212222995 0.7664458847689413 0.25350313770356603 0.6943290834876391 0.1942539072999605 0.25622863537190166 0.8994534559129005
0.7044809956070037 0.9749318154850576 0.11268096801189187 0.7639325933105074 0.8645416354807146 0.4063140885481358 0.9419470646520487
0.09611527845855683 0.7568750180887673 0.3189940823480848 0.24803792938173785 0.6466788701325376 0.11561382469941806 0.9745070190718169
0.15383636241387644 0.15868343114057393 0.11332765135677769 0.748588745212447 0.946042010886789 0.442301735800422 0.2537212538095911
0.2635704702503585 0.5349598715273708 0.9961190356501601 0.1832552345096795 0.7993365656365651 0.6467793069828719 0.1322051049271229
0.7592431257166382 0.6383225882521106 0.2545089699180906 0.09159476908607522 0.451435396311611 0.07914668529149482 0.1762858223163012
0.06383998738177976 0.6412205686866995 0.8315882533711506 0.5186660893449327 0.22960990919349833 0.5768344733003052 0.09641585457355528
0.6915675636547375 0.09264458969588585 0.9326533961804684 0.8717236136041794 0.2843002335848115 0.9350621320555054 0.44464870650613764
0.07012526739215885 0.43245332856382923 0.1318686211424045 0.7732227918150343 0.3906523156456905 0.6479898618462957 0.2993661292663059
0.14545527365551358 0.5561964637603735 0.5073057168671272 0.21667532767079967 0.29761527571826296 0.2958970517159464 0.8086146179606896
0.9222731327068384 0.6323716798887272 0.07686433831822548 0.4914300980258117 0.14812736080307853 0.7817188102020937 0.17616580715503116
0.7692857375384157 0.4067759219127033 0.3039210268409961 0.47742262913029987 0.8154277471882608 0.679568577581109 0.5324690743433941
0.39944717293341414 0.7956496729998808 0.6033279800987812 0.7007959805942301 0.782115551082705 0.8995929745358817 0.7111240238167296
0.3009347987879466 0.43173334199730273 0.7372710257314027 0.5520104713395338 0.9732972892230279 0.13258941222538312 0.2349599996305074
0.13134524231058542 0.4408512942093472 0.43941123727560893 0.2009335875272389 0.026013074382721046 0.7362839845568613 0.19828695364252658
0.48762064513529135 0.17294784286562148 0.49277403365833483 0.40435934208926194 0.7543887322901033 0.48066729599185065 0.7842190182481064
0.8581835078294708 0.27976748877000557 0.15222518469088564 0.48004468535520894 0.09706209610794803 0.5084574625806269 0.02227227002298604
0.4240430512885489 0.8135044016290536 0.33205850426280414 0.3320066248466086 0.47691697105062747 0.8202181765342834 0.4858224401013794
0.9761066644702949 0.26031517144762295 0.5408993016500997 0.8272519791955711 0.603087284511437 0.15843438712624092 0.7211371531600187
0.922386989235301 0.20807724274572714 0.08495176156869655 0.7583395060941828 0.3191766124462684 0.4224388661561488 0.009680014097001255
0.44313087170537513 0.9928857063670112 0.15380974415378157 0.023979054028016478 0.10161616065632595 0.20877828343718818 0.2841469801305595
0.38961410153038123 0.7380236880344535 0.0370630587511559 0.4765714357034869 0.331930071448012 0.6129158024717647 0.7126655607878782
0.5734126903602522 0.9274337795483032 0.6073469084310958 0.06863427579998993 0.6160595808636398 0.11162319866405324 0.49742288207402885
0.025480354088798896 0.23053138605328927 0.33425569103091624 0.29393420081867694 0.9420681887751984 0.6582506673971499 0.6601434441749041
0.1690048039235854 0.0713967467746246 0.3098626492688896 0.7869584303630528 0.6964805441940167 0.23316517836851403 0.38055060854013056
0.5823568981722712 0.3892783826740055 0.9401048071189771 0.948810921403667 0.8947440040182745 0.5364838551428767 0.690198086958789
0.7732625854508388 0.9371581603997601 0.7339212585496155 0.09029359312064811 0.6375856054680548 0.24212322084093107 0.5485145038613131
0.2929868988320511 0.9896298233762066 0.7170591363474362 0.8185395718204106 0.6197651805554883 0.06599973907759882 0.7524561686786712
0.8024319571291438 0.9179983175696242 0.08032560536977629 0.040759032711753296 0.9507931769591413 0.397899862911808 0.12392318747605968
0.9609907242026842 0.1184153230831475 0.4384534047375367 0.5814712203911062 0.26654077257952447 0.6759892259002359 0.5134082008855788
0.5577467565711838 0.4726792311743937 0.37280699231220016 0.6698159279113816 0.8037270346682419 0.7615428647789002 0.3900658369559735
0.6756246359121738 0.4253316711983679 0.7320511047588426 0.22220706987963423 0.8270403240490265 0.5464172291335575 0.9162288454321336
0.1108862435114597 0.3558330978946842 0.05949121208564523 0.6210117670239947 0.43398530952912995 0.03368757913769738 0.2410725947037683
0.12889204586731973 0.6238947439386999 0.11478255268383208 0.09508582191128978 0.612356175241032 0.19093073434652996 0.6639521199005323
0.2561042039599344 0.3440045147734473 0.0850883671266417 0.782672879187486 0.26357864608291215 0.7079783278249001 0.24456261031777227
0.6027813169475651 0.8816627822969639 0.23249397550793227 0.18851294060185886 0.4822260680699194 0.8929982181207587 0.465971116909243
0.7315041518770208 0.07094054497333124 0.5042689862335199 0.724340838793743 0.8396639732985491 0.7760429803575336 0.990163196476314
0.3760362153149903 0.5492881817183068 0.6306696381373981 0.7157447379614157 0.4405954109242338 0.4493649286478173 0.34338965557567536
0.2497928478766982 0.13762085180064354 0.293447641261963 0.05012301790354279 0.45970909143545813 0.8887312507420848 0.30633147662955273
0.6397191736168472 0.09634591664938352 0.8885460694668569 0.8696959056657615 0.488400503420531 0.2646361727312083 0.3452407711029555
0.454364828759118 0.9095287167675701 0.6210998593766023 0.5583994174203477 0.5031350777998154 0.9521730433928247 0.04143317528072532
0.6767139647186202 0.23049179151841126 0.41434831116572435 0.36177190424300054 0.6393365912817549 0.24753695087796979 0.7253694951351177
0.4295883761924736 0.08398349941949401 0.9722241320843465 0.923293482313501 0.22115496912578714 0.24684933923760866 0.20886309789298452
0.1724827577251311 0.007389324149228882 0.40794543484948953 0.2776043072953027 0.8042196705109808 0.9022129028988537 0.20427522783086272
0.7549580572989291 0.4587797411022436 0.8002780292677912 0.6129833102371606 0.8312485688755578 0.112054892897401 0.4697958127271068
0.8153685309421544 0.5376492754082903 0.3867325458661134 0.6349274011188465 0.9255457999431059 0.062044187887997704 0.8547272616392615
0.054963317570026926 0.0930965498941746 0.8379186817068623 0.10442389690742837 0.6774242545895726 0.8430145176248274 0.4756275354381133
0.927681015613428 0.5381896227941564 0.797511521369629 0.19119204255260625 0.017541761043816106 0.7003132961656525 0.9015224336075123
0.7860037797296001 0.05760477035050671 0.9852048901823366 0.8817757190652995 0.6515796268976654 0.6774659113604286 0.31463987943059557
0.8020921565461295 0.9211546758959953 0.5236328250232449 0.6270554336931852 0.841640358440067 0.2992806707393897 0.9057707255441598
0.2609724959786687 0.20555380369085074 0.6752388164058101 0.9050084914706626 0.512839173496386 0.24438434840013368 0.9389462227054165
0.8436597693854327 0.7178356632753579 0.952051635356087 0.6937128673233696 0.1722939756437042 0.18450781961873097 0.8855820428203566
0.5510787622202833 0.12606924244934836 0.9501431602777198 0.032724987655440296 0.9281831250253391 0.43824175823398515 0.8099991173380792
0.8985901554047072 0.8647754133612136 0.5178397437287996 0.9611690432697425 0.5452223231928602 0.6466966271899455 0.17942691483413564
0.384156717525447 0.415783889534451 0.12109004977846949 0.38632836294349404 0.6671409459656186 0.052023703622762874 0.8347473566697898
0.9474885816456604 0.17078229911449982 0.956050147647972 0.30734593598325444 0.35721940561984455 0.9708532084886873 0.2872223214942682
0.690195882716717 0.8380536269914007 0.08675656854620672 0.38195741215788015 0.8211472724264322 0.03651837098040667 0.9381283450842847
0.28702495162937314 0.7970346624766503 0.9206833654502901 0.45131179773579877 0.16061520882842661 0.37737732484734554 0.6547528773003964
0.7839659571353537 0.8411672179675277 0.41401049628026887 0.957584908033012 0.2719781985239821 0.8373433995499622 0.11185489940541415
0.05906983866614157 0.14769328850703467 0.9456765399521101 0.6797207198767614 0.2410980750490963 0.9236769931120273 0.3563358285714373
0.3933544587671003 0.856038501573048 0.24739013948450794 0.5528912817255567 0.6456415120656954 0.128477058917025 0.06199702971162524
0.2258728732198837 0.362577540449043 0.49431815737625384 0.36829304835546683 0.1900330103166077 0.3328351067706665 0.25014972633501686
0.3131718084152484 0.99774861459234 0.5072265003652492 0.42432694495027845 0.6304472139280568 0.23314309529772603 0.9354350720444486
0.01787562173662094 0.19874831821692873 0.9516303725946978 0.3246309490411158 0.44649178383575905 0.14709361476624327 0.5967397837049018
0.2736370628198067 0.479688012972898 0.6503652829637038 0.5530188796620842 0.9544315296824499 0.2326068770730787 0.4906288422628049
0.17135455278921685 0.263147395305548 0.8884276931022956 0.48231360043389904 0.10464625531342875 0.2390990327403505 0.8984222647018775
0.9348791054120904 0.08920311322040919 0.9092291637090245 0.02837378760843856 0.7724399386132821 0.8929950000322088 0.7611874287328029
0.6241793367643561 0.5805064032188161 0.9441973156373746 0.08374971175107215 0.6971547330866666 0.4035047086369362 0.019662063830168663
0.20954094014931257 0.19381552830557958 0.6142997779504497 0.3533623550983206 0.06755813451413717 0.16157033087059602 0.5197448492375577
0.41613418643855216 0.4737001398288536 0.7923623893236323 0.12482602643438223 0.8402005761523142 0.18794912029118416 0.527395820344609
0.20081785347590297 0.9302085358730158 0.4235985660567926 0.9292780486250052 0.9912842759778355 0.7920836133136144 0.8443010466056764
0.8566065890917136 0.18738567495730152 0.8274593203322516 0.7998084726308513 0.2996095583467918 0.9549367261428878 0.1815170932511171
0.1451818854947824 0.7455829458190786 0.5105385253052035 0.026223313114516533 0.33952723730940737 0.7633373330649108 0.5991956488594813
0.9653466479588373 0.339893775730721 0.48262208977285237 0.1660805617407326 0.25381615882499986 0.524574346071893 0.6201663131760276
0.6087311702370538 0.8736365111772039 0.5701916353191288 0.8640976555252903 0.26542498886510035 0.3133719952371935 0.9829837723724023
0.4439605546288633 0.04248736157258881 0.42758277486150353 0.31400752527730214 0.3631180560998468 0.2020654164925929 0.47506227618333996
0.9467874394431915 0.8230517989930759 0.5070383078618885 0.7068208488746903 0.2145013638870099 0.7916376418046503 0.4401076294066113
0.9560690644248095 0.6912910674147438 0.5233029207471658 0.19144381804874266 0.46308966175093924 0.8287873628283658 0.33036909341124887
0.6090437593621388 0.069200299917892 0.027634053212514664 0.2801670851369047 0.2635406649954768 0.42570453680535036 0.44680188061243487
0.5100138102174889 0.2761033637244449 0.7251734426276848 0.7302772206811597 0.6726628768479441 0.3404206805538803 0.34333150083989183
0.5740333608603672 0.011835974745711075 0.9650941244675877 0.9705438050897423 0.37904757439762926 0.1293353357628756 0.6176617704259343
0.8779098704817443 0.9878211489697384 0.8024340506848433 0.5333609392415474 0.36123014107518026 0.20072950465610628 0.385660714871348
0.15116504896883798 0.4819886404511726 0.533466764007056 0.5132939207540502 0.6188833776211871 0.6376433272604559 0.21175435984779
0.6627535419533903 0.6383836186365612 0.7803755406827143 0.5724677495745384 0.01524194807715118 0.19527785288175914 0.34679719748764193
0.462536312108884 0.6831018180127946 0.26632890936798526 0.6066683113630184 0.2730609297241051 0.5644880160315513 0.2266201593352044
0.437455328255723 0.6361907531269018 0.5942225947114277 0.22729669891376392 0.3297376504709171 0.5818811794632026 0.10549182938304469
0.8915411679934537 0.14381118036340568 0.03806524869115302 0.24893657859585794 0.1837657528067279 0.6934648688638809 0.5211735360606071
0.5532606865217469 0.822241385755343 0.6813674095998875 0.8403834046736111 0.6395060957207759 0.9803125728997676 0.6610918937751383
0.719476506368935 0.23123364546560177 0.4661079718577119 0.3406482421755841 0.9815398801078223 0.363878917846606 0.37919504946354365
0.8318893808350515 0.12510907614695865 0.2424766291938436 0.5324016698464509 0.2656614876771164 0.11601751755202083 0.3449101294464971
0.6602000253824691 0.1944506491840241 0.17589547371670444 0.9696035259139757 0.21663214398920738 0.8482969621046046 0.7635423169091283
0.010925512379800884 0.5534451438353571 0.3982845924571451 0.808620453295691 0.03673693815927337 0.6100574696105571 0.42802513104057405
0.5319419406274966 0.9445854298854933 0.33747907233996255 0.4040190817366036 0.45427413295616925 0.9516510188252184 0.8234959582727711
0.3790042450204564 0.2149742316339449 0.7777676728924334 0.9345944738069937 0.541920572236556 0.31947225335985696 0.19114644226941302
0.6819460342570121 0.12300714015464542 0.17659118855313238 0.11178842460206884 0.9492943407849583 0.9748111152456759 0.6096590197953259
0.4444036941014876 0.7730941580018088 0.6440888998135577 0.8506099857301664 0.28369923845074063 0.9688574576239316 0.42737919774680866
0.06063048826467654 0.3708616322564784 0.4508602547578089 0.8500055159409919 0.12359229209568512 0.11206783857065972 0.2576486634286843
0.8368626326084933 0.40105247357575313 0.589820720027156 0.3637016963362735 0.2702614352073549 0.8148845944521329 0.9134190405727816
0.5099153829177565 0.4998952499091869 0.287620866437745 0.3647738845115467 0.23298200514652578 0.10013044733820808 0.838445885243292
0.30662364797579733 0.1876017456007617 0.9714307485587913 0.6018516630264368 0.8006618119795449 0.22769052244038757 0.7910105830843087
0.0922454421886918 0.8551134442208695 0.38775474200198523 0.7128047492614213 0.531897018909432 0.29141851524795215 0.7977329148728366
0.9821284905868984 0.6958151082637469 0.033960479366273666 0.25100754047203766 0.002327909817577578 0.3052750799998861 0.24238667601275676
0.4602365603671291 0.9843729855099259 0.20341349068126002 0.2816341722946494 0.2604420648598714 0.542119400997387 0.37995199020718806
0.0792816558785161 0.035453359465414835 0.3970290682457214 0.416461016721854 0.6248300090697453 0.8253827346352228 0.06806062675215829
0.8569400416240122 0.3394280189835469 0.19617778807050457 0.7960982122538358 0.8286737342196914 0.25556674922227296 0.10228205555672742
0.8190269733685528 0.5575215933401699 0.10622105750056432 0.95068278477812 0.968504678572155 0.26650658034839425 0.581939943425599
0.2798234942714487 0.2288717529125881 0.7577865439961973 0.5757960742301961 0.12559917752420058 0.450955221665154 0.4106564045186777
0.49837068080906854 0.1211850724268525 0.5052309398091285 0.16499483028617434 0.6022520701389767 0.1923561947556438 0.584338207813584
0.25329129697112873 0.7307785991226271 0.500236766270135 0.47303691713793294 0.3415578164811085 0.523344971134175 0.8295423146470041
0.8968620256904848 0.22843263775654477 0.9904190211803993 0.16679089296324878 0.4210075653991806 0.28608032350267776 0.5796651474201774
0.850667212996904 0.27042849071262587 0.3933826261201907 0.6083739277175395 0.9912435975021734 0.5199650644418925 0.7632510397727291
0.39402597156276475 0.9859437757333329 0.8243825949120208 0.4170639697289299 0.8184176298244181 0.29547596979785784 0.4859627273577173
0.4964200386793137 0.9026743648545922 0.41236796702172573 0.21606819653296738 0.04500549499334905 0.5424111321382805 0.13897599470252586
0.022254311641480506 0.9274853665316677 0.32442715525891264 0.8521382734902349 0.9625266795288571 0.519164496313216 0.04090197886932423
0.9950558504726883 0.8722773519028019 0.6703435751832693 0.038999299662710984 0.21505694044558754 0.38966198670963614 0.17246945740578723
0.391531903148192 0.627596264521067 0.7589627780039316 0.4919368854166719 0.7334509167784838 0.6892329360348004 0.17959006991533044
0.6486217235186946 0.7692270563195267 0.9818461657637609 0.6977663388039029 0.6910046301009686 0.12141364232948781 0.906963337373629
0.18959977713615073 0.4123236615822049 0.7360297734507688 0.2773646358655373 0.8375089286051248 0.5986940637222473 0.03696870577629374
0.2763622653618667 0.9323615880823051 0.4595565977132047 0.7062999948799181 0.490841412349346 0.07223275004222518 0.166960654030344
0.554805218196855 0.8987136429412927 0.31990456446672744 0.07130089803763973 0.8426005782715191 0.36136907892551495 0.431380529044051
0.8214161068983301 0.9263378551616694 0.710840539133871 0.9813986021724366 0.12090787459548769 0.5727097785942188 0.21055654199422802
0.7466649593516355 0.36037194579046083 0.4981776304234641 0.4470585445053691 0.9800401673802027 0.9759771148697826 0.4009964912756938
0.33477314342833586 0.05074141401761323 0.8817441744094955 0.9957832316893674 0.7602882151090732 0.8365613403586182 0.028089764736666023
0.21525568677641893 0.3875146900513503 0.21225596842946004 0.23921213267790686 0.6738575999196851 0.6849688251850252 0.22294622425645028
0.5008170002981359 0.06890414340270434 0.07175434431310901 0.34249328916576893 0.23424453655390076 0.12069210713330336 0.6443910634316805
0.14830266417457383 0.8393515356870553 0.612839848441724 0.9347856976909122 0.14948305416356378 0.3628825546035309 0.9226700878585747
0.7204314716552165 0.5620012020835968 0.43977472154529273 0.2655904518046134 0.440280915244449 0.038576500690280735 0.6731010290716294
0.34016459118372866 0.8016264597822806 0.6238646322549762 0.8818379108128255 0.5391522513716239 0.05921608221927144 0.5198154639836545
0.9242407081639845 0.08051615682731406 0.03507283153214091 0.03916902211784379 0.41021629998484566 0.11312881628580873 0.76712889544289
0.9572073021681534 0.16477750798186208 0.7718909597432215 0.44424847603618045 0.9910681103886667 0.6357651022016844 0.3179488253357149
0.8998945866416652 0.43747002634467114 0.528315737217896 0.22645111861242584 0.3977855823967048 0.33947997675098385 0.5984323547388094
0.21100341450498494 0.26067471608060466 0.3919365370177853 0.7528646737578082 0.8098090947787808 0.8132060560687742 0.4904334304863003
0.09917806932985718 0.48831763858613997 0.6941136706139096 0.5371222742559574 0.05633245321029823 0.03911821312905572 0.3696096567244318
0.3722941264366716 0.28915471126798253 0.6234882279531122 0.39776175928443613 0.21293138063545747 0.5855861229575777 0.14546855456488794
0.4345739255482489 0.8644856749995558 0.7900017769779556 0.45331806329605207 0.2581994410210202 0.6051111532286586 0.827680457556911
0.7077480248967682 0.867872205300636 0.25100522331762076 0.2367424528599974 0.12676662284061768 0.9644797134099216 0.730472247345232
0.2192854695686537 0.8952392582518769 0.5350589898641468 0.9044809978231386 0.6049539743095997 0.10629425585645191 0.10392233884885704
0.7288293504974195 0.0820516635177364 0.15288450006842202 0.9693574952858028 0.6598440609802826 0.9165987725610272 0.030590308675708
0.7268186072198131 0.7927449002431131 0.6594149323037237 0.4599364441567326 0.33992738580048876 0.2675645264540878 0.07897340404718223
0.3617569408653005 0.9363048554068362 0.6157216474827697 0.3245825351698052 0.11107070550331177 0.7583029889895042 0.6808940397459603
0.6745294553441187 0.6234771671316686 0.6413276552821193 0.5748842594789074 0.16318487950412808 0.7412248734014972 0.12060970696240958
0.3421364647319439 0.5913425059885931 0.6392950420595631 0.4824782878335607 0.32017213289525626 0.980823126167533 0.1876042178103131
0.10733312916414972 0.20966588274630293 0.5269724044156036 0.20371946186538736 0.25078463332473755 0.7821980375169694 0.19949683926739958
0.8613073951591546 0.5491197623649501 0.1859394791968475 0.07098338280923266 0.4567569146863778 0.8996225809591383 0.6689736931217561
0.7999442140261426 0.6357752554976844 0.6830292036502301 0.8084917484416176 0.092260626873514 0.6913438148253231 0.5106582764020456
0.8099135659194837 0.5854774152379354 0.4452869818529631 0.8103624055099077 0.0917000985547527 0.45279985280823165 0.14211776591592806
0.42310033675938175 0.5603483651184403 0.5273323539578946 0.09538668592970556 0.5895098776101776 0.3840743807415209 0.766098883584955
0.6505077472676231 0.5585889246666211 0.8907850851400205 0.6412178157628502 0.34597114862312506 0.5612865232951573 0.34269921326916697
0.04752384132418552 0.9580695877140686 0.46718472027042024 0.7541663385329224 0.9726773814690794 0.2709034555784996 0.16633646287661397
0.9093366878720403 0.4464756947488757 0.8882307306893745 0.5915522376670672 0.11227352409617453 0.33855353115590203 0.5201475007728461
0.3148404350141877 0.7857161708210979 0.5808946186051104 0.7570813505992804 0.48129292062501294 0.0147085882661665 0.15844365883610878
0.5972927920619547 0.3441864945435372 0.04833707714182367 0.4630311363888747 0.9039792934956266 0.3904550582181231 0.6941280276428179
0.8701436278132558 0.0664814909966428 0.05412881037583683 0.5689447881174674 0.1199000828345601 0.6368879944263338 0.0669364563786623
0.677710081597493 0.7243952965422299 0.7409436595170841 0.3677053077678868 0.9109537813318374 0.0796788200622448 0.602424462115394
0.30126097558894416 0.5871018674359907 0.8580194129743729 0.7149450757802526 0.7859818193984638 0.6765294996423303 0.5918182142627451
0.25956758994932594 0.15768620091177132 0.6033756853683168 0.4762589306669489 0.34582221111867795 0.32636113321717664 0.616026129108977
0.7984526640938856 0.900910846817639 0.5120011653595183 0.770338621165615 0.20103878908413053 0.8603477591642567 0.47880628601541686
0.9426772445560646 0.4920204568029378 0.29557108539924626 0.5356847980637056 0.5430862998199362 0.09089799513847263 0.3032811785364601
0.5048384864950034 0.5522404767479262 0.39568937672723836 0.2407863885253213 0.41154300561753443 0.1581273409472549 0.762123847695794
0.25597993362004756 0.7878727105574335 0.567801719267284 0.32434154520342984 0.4142594446941773 0.46048010855659605 0.6334796010374235
0.9181308139402066 0.5399485842494393 0.49863230706296857 0.2942769426168319 0.5047546540044103 0.14976457609190785 0.17262452816131235
0.7367735899483647 0.25340492272212767 0.9813138351297566 0.6919128287797014 0.36637297331532326 0.6440419656744596 0.6159264348768029
0.5081751085173132 0.8750502987833195 0.6356544138690033 0.8918179650191277 0.07335675979185818 0.5538572200909209 0.10240779490032037
0.36791597832760614 0.637840079526605 0.734845148678743 0.4675091054930498 0.0823554270068998 0.042093576819831946 0.7235955056595644
0.9758434444908826 0.8799607227431111 0.5442616023042599 0.18263713217584243 0.23196720698896456 0.8470894653172029 0.6923939751215692
0.2169974289432689 0.6994959206019131 0.4281906280235871 0.8598526082935647 0.9197022400813605 0.7396254712518152 0.32976959248716975
0.2398156792906888 0.022302589705706977 0.6902813588466111 0.52886211712925 0.4721337567026789 0.025000096171423514 0.9809039726166311
0.7414000586433899 0.45000431041714695 0.5898439083855815 0.6772377746392914 0.8807196534498113 0.4665732661205302 0.21807975794403756
0.012669803593188034 0.4721180020626006 0.12698228364733755 0.07194706330706235 0.3387869385404626 0.5181397977846823 0.8287230449270878
0.2545094954087235 0.7081840542647762 0.8157936652343035 0.4156846934109928 0.8904410438418912 0.6222623787897774 0.4646096902671395
0.3119780216024973 0.3790462941137288 0.902716870632897 0.9182791419760905 0.9477801661033655 0.5050159033826429 0.8203503751080722
0.5930814258998189 0.8410113260138999 0.16819912553751515 0.5826213793471925 0.2746055039219949 0.6593324648491685 0.219019760353945
0.07739254743504487 0.21721740431393377 0.48248475232722343 0.3972869041888333 0.9440630319358947 0.4156963048570568 0.6559747268897789
0.8016614657582803 0.16000317481214454 0.736987460277836 0.6893360849907505 0.582579079056172 0.5124286035260093 0.9765505949966413
0.9995071635755093 0.5150638526865777 0.07381677056800051 0.39873835708311756 0.0680859519600483 0.5776593123233872 0.005513085399473927
0.36160226386736205 0.6907859827173585 0.627809745874713 0.8120558721589864 0.48502189370162985 0.11772711229255284 0.035065056946592676
0.9669062507837385 0.8907531085389787 0.9424073999714823 0.027330108760659222 0.6561626081484163 0.5582040633990903 0.9475570043789829
0.37244166860047956 0.6373625709812583 0.84700991243889 0.868039918466295 0.09837993869799722 0.985919185533183 0.9366231671289492
0.35366152764799064 0.47532161124319305 0.04981441559458932 0.12991132881909662 0.8085923492101362 0.5852549699781677 0.7496826852363824
0.7989223524049832 0.20869127436571966 0.8738068107487246 0.7141168560039822 0.9399206684014252 0.5929918783718735 0.2599380512797116
0.3098566462280139 0.7091027287395414 0.7629380335211139 0.8207867301964091 0.4630743793485368 0.5490600789749152 0.63546773065675
0.662275587820665 0.02253638451080564 0.37719144720746545 0.47744061427145723 0.030238387401334332 0.32796430726120074 0.9876339368826038
0.27271876553677754 0.6560123512215391 0.2468977607240478 0.8725004363884538 0.5672415348450192 0.26492732722891643 0.4365090219433101
0.611045608812804 0.10042144978262002 0.2584314763431951 0.41807682300944893 0.09672123939164545 0.9176245559603732 0.39017529994817124
0.9156444249733497 0.02568911337686408 0.00900534945916076 0.4298469000487306 0.8254124242530407 0.7266211843818702 0.8028019483646781
0.23479183579588592 0.5068383127454442 0.14443706471758178 0.5265710371282649 0.5564767861965088 0.7348998661446865 0.8791822473315766
0.6367211990497776 0.0996570567800521 0.6180975893768625 0.102387867571197 0.3459754506710667 0.5466029705047045 0.7896440609757672
0.590991842893729 0.21929903602168477 0.8288049840271869 0.6375976164287254 0.24973962927029547 0.712598483941868 0.9689282783777537
0.3620592363774586 0.37574132191336884 0.3420861805932952 0.3821902800435759 0.8567929112473975 0.5744540411585739 0.4341002078678067
0.6042309423682719 0.02554075030772518 0.5952533543140156 0.7459276488317088 0.20903554174520877 0.17338329855980428 0.5144989954215277
0.38875945569490644 0.8496098228075478 0.34177674173752337 0.12423988221070614 0.7120484677386691 0.09747793004763106 0.21409499652729735
0.7266782786193513 0.3196213879443167 0.6784962132810074 0.006087859134225604 0.9085710611864498 0.3860329424821486 0.855168387043136
0.07691605619733444 0.3499042726531434 0.18516018292887138 0.9216316739942928 0.020101206560127483 0.8076660901038231 0.12145499986437158
0.09124291144526842 0.4068113166916387 0.9352356514051805 0.36275936942483844 0.8102261260903143 0.8530007007538029 0.7435108180283063
0.5318877825302929 0.886582255852301 0.29846944394433006 0.41354090905175445 0.6631805912147499 0.9407123301580729 0.3079118389771295
0.07931379009225459 0.4148248676190861 0.39897776664341267 0.7078980522142051 0.5262855013173439 0.9917318996653781 0.4088901503989656
0.21649031439119348 0.004680681900995243 0.8051216694912454 0.12732039747198043 0.7317052706555076 0.9436292311659394 0.9112226303548554
0.4465602988061518 0.36236780862088225 0.6023492116623753 0.34081455623517365 0.3929872502976197 0.9395583970065817 0.318936295819223
0.47129097826219035 0.024189096275874067 0.20005501603074893 0.29488273985551217 0.9696308023961254 0.8540987411427398 0.9828867044323222
0.042881488162142656 0.39614534095267007 0.8732630255695751 0.322225201380947 0.4731290358902839 0.245604974849152 0.001137920340559595
0.5659656665924595 0.4038232576224302 0.801357398595257 0.13980316482309896 0.2351618286484516 0.20532132127190572 0.6980040461403751
0.34098407194104774 0.3954739359238493 0.925976269875083 0.46333371738680573 0.9758885862517064 0.4240475406060825 0.8422975131314272
0.20889304967047073 0.19883470356110688 0.0002450942060703287 0.5264633198746534 0.5338183147333553 0.6788689043398364 0.20913019511349262
0.516899241143638 0.06453279801048839 0.10403362848519304 0.5110402054547964 0.12739660078678816 0.1131423509005568 0.3177021499538
0.4012113288356308 0.9434440760846091 0.42621939910593076 0.7334270603022977 0.19881195560981435 0.3166271501488578 0.870393681806627
0.6735666493224829 0.9665564047288625 0.18943029707576886 0.8693276712399172 0.1882482385121892 0.40455877944546537 0.6343293442852685
0.7355510295261691 0.7606014109551912 0.5790172198682949 0.32719852908587876 0.1961922492683965 0.7294622109898933 0.2203677387130707
0.5394824500687249 0.8874578759380399 0.8436328459609521 0.008239127814378966 0.7705610753672841 0.7985230737047475 0.7235043145347256
0.8909745713845842 0.17083106008081228 0.5093763937586077 0.8099912119063483 0.05009027438792035 0.008301641953635586 0.010939998563689768
0.5939029212873747 0.39616038588905356 0.9183565226988089 0.35357896172906067 0.16794814247871048 0.2656822808110356 0.20014183661835283
0.1044714604855459 0.8289703143188517 0.7934177023497446 0.9033767732014442 0.2308774025437077 0.5645124408067238 0.3237211990442007
0.028484318762526883 0.25675510741855023 0.1286564190306997 0.6529093063573783 0.25166077714586443 0.7224567582960478 0.48834316478621276
0.1393006173110276 0.6356586516915139 0.883128290303036 0.29165268695891067 0.2586753410110959 0.363343555012135 0.8395590683658839
0.40902947594217853 0.5798393162083045 0.14364079647763606 0.24085180527489558 0.8271035149956475 0.04663413268681749 0.052264199896343455
0.8459790799509403 0.5697961628851864 0.3811028168512641 0.9071852490425908 0.8927776603993955 0.10826286580308253 0.7777707734243529
0.586593210723494 0.22726597293707862 0.5573688773157985 0.45393326395538947 0.8397793411896333 0.24098376309845804 0.6703259196465358
0.22971286638599242 0.4199579450369536 0.7744958359592725 0.7671617178592143 0.3703267765886493 0.22541864214046314 0.3271031466276656
0.5735993080200096 0.641970714800993 0.618256883702971 0.8423018338295294 0.6235392582804674 0.24666601794155674 0.18641281660182418
0.0695855916066016 0.053523207386667826 0.16280115112025828 0.25757256253164584 0.7864393107924357 0.8386667368158572 0.7627010369744281
0.8134497128204808 0.8986694678188031 0.4593138460240529 0.8496678128318542 0.4914880200037006 0.4280686879497638 0.13224854787054496
0.17818752092840773 0.6973070564142255 0.4081673500162979 0.6226408106738234 0.03383995830606279 0.6188102069165482 0.8622264371975973
0.014721609628721266 0.8498189755111688 0.4847373626311602 0.3905819939159362 0.5127378583067715 0.5432038793340797 0.3661234191547489
0.4178488231260963 0.7741888264497048 0.9671593845569748 0.4628757653488036 0.6799429915694933 0.9022896314540098 0.6873366857380486
0.3202590337840048 0.18388622822239054 0.6087026976500215 0.5743400172440155 0.9117892001276147 0.2750416398475283 0.17865090272318096
0.18568876194342487 0.28630440477563324 0.5158871703532399 0.05603509290470721 0.8517000500742968 0.4237124755214282 0.517376976125596
0.3217593568192113 0.15547943525285812 0.9110601173456121 0.7972413595155338 0.4516464097448176 0.38124719873625346 0.16143390460856666
0.0075257494689326965 0.5452766855798709 0.1685921183326844 0.22304234461446926 0.8748168466836326 0.5715228594080488 0.14084097299408782
0.8169981513809106 0.44417040326292634 0.08235995431547383 0.7507833200872517 0.5336267437930392 0.43583664766818575 0.936182368954284
0.8033504749630723 0.060401120511273776 0.28719556115680767 0.2865466690692229 0.05577532570461752 0.09989613959206833 0.017696490799887332
0.647227915798634 0.42289476416941174 0.26242967893114244 0.9957019100272921 0.21748730815136452 0.21021781044976529 0.8720814042292107
0.5456295138275705 0.826307607543062 0.24468590936930357 0.2085481039727458 0.6763896425257612 0.30322061671787215 0.6618035796495306
0.07294488412603273 0.9944737618569616 0.968441803872237 0.8417825482262157 0.45707420187301606 0.6207273532861476 0.17215025500015457
0.23321718013299897 0.32100489032932344 0.22226257650256898 0.3354558194248739 0.46982405043849895 0.19213645809793833 0.6366449205068562
0.5429402785365741 0.3542212423158688 0.8524999377356296 0.5561187867510756 0.9372062284621325 0.23714138053412626 0.029586017966363176
0.9309357813158166 0.7727539762936504 0.8274583857528981 0.2092814102183932 0.958997166820138 0.79576493809647 0.7743025669754949
0.0417624918199635 0.5445124854322505 0.6244377047079379 0.7733772825241964 0.3990881612865971 0.2617837090327704 0.02279530595104673
0.13731227459301654 0.8475029907288943 0.7293974751799241 0.6633422020088842 0.5506463061564404 0.4334900959890152 0.09127481561176765
0.15956376625162916 0.060298425782081666 0.8967793641044157 0.8505935793401497 0.8578598951892215 0.5863927359607227 0.2652242589351873
0.3007206203605539 0.6919327991261557 0.7838852923720975 0.3590132942385994 0.4731445923452309 0.8148524196716295 0.936793112993422
0.718636811728344 0.506948774916431 0.7054152817008161 0.7066781229274949 0.22408799898754905 0.9746351759184748 0.60056890371002
0.10590850068578095 0.7417511799196694 0.05071003337144764 0.14163696533133696 0.12835739325509143 0.8303428448332795 0.6734167543776479
0.9512354468369163 0.798138310731882 0.6136058383622525 0.5805603148158985 0.37385440996962327 0.6030483729037973 0.770450162522201
0.7664491845071333 0.44474238226570695 0.5001797088242452 0.07976162636312267 0.32771009324197575 0.7106214429873707 0.7328249994321153
0.3806005637519021 0.42623706394404526 0.2019489178633107 0.3711477034128209 0.3869894698384114 0.5217820002557898 0.18009781157717064
0.8195568099798716 0.45014691999558565 0.6626185497558145 0.7162746074212668 0.7999293750823693 0.4795804593057018 0.07899390577930387
0.37403214461679957 0.6805567385412088 0.9477636244445371 0.9572368890299877 0.03996546554679492 0.1683626041538685 0.988561373366726
0.03042478552265504 0.289100342586987 0.44383019240427135 0.554667866838092 0.3324880886404843 0.0074450945788081535 0.09347567079836017
0.38582073583978793 0.831155440967218 0.6776746864779498 0.909835152567929 0.15149132347977423 0.2639129115393838 0.749720074868553
0.20353786991548295 0.5461678796290786 0.37992887977740897 0.49176306231380507 0.6586009501988916 0.6725278046972668 0.916176685651087
0.9561194687470155 0.8149793406480651 0.34812689017524434 0.9205976573626629 0.30681065036262123 0.6162057983959229 0.11622903133103268
0.9173092788930466 0.478253522414574 0.8963379862625063 0.9586278803574597 0.44207526847685263 0.05602589306303518 0.454544173223987
0.9375071503476513 0.3429906157333138 0.020833334771569345 0.2206970263062591 0.2764698431140258 0.8309292125700392 0.7118545063261991
0.7282783912465542 0.5887539667459503 0.04040037457420842 0.7252688770714829 0.6575887420095341 0.25214824719542983 0.4711288166547397
0.6374158674604538 0.7289124443403905 0.5349720269125702 0.7336308048246619 0.5437645580618379 0.6611167876256484 0.008301329263328383
0.4209920341183948 0.09282840212847099 0.5248698868938103 0.7652945084764959 0.6185014022823315 0.9862725516664508 0.8382964852996754
0.3998333253552111 0.38076324970507447 0.4942196124045608 0.788725496185127 0.12981915054092352 0.5398472853530575 0.7891245414618288
0.4740179228077849 0.6961450904719594 0.11462921792554559 0.14561166131783254 0.054143469720227544 0.1928843723162098 0.08330591236510854
0.8047985406785292 0.49318762389282433 0.11229085643314707 0.2626654159895555 0.1915352557826574 0.5761803530577156 0.9309885737268488
0.9924091607426222 0.29967978513340654 0.8810868037485392 0.15470367183101352 0.9068703676604066 0.04933775230983206 0.8993276600891517
0.2144496428935293 0.841760021825069 0.49631703220340573 0.6488625743922396 0.6777296617573737 0.6016021452046535 0.797441352587688
0.9782962264041636 0.7816117745524324 0.46903032815032675 0.10806990343467016 0.013863376760767876 0.5578630219159016 0.5936363147452886
0.27091074829735573 0.3590375047969414 0.06975234206978254 0.9216849358097411 0.5453559254420643 0.20596047285378782 0.22884075557661798
0.25545952121538507 0.19686105282151922 0.4100728944133022 0.45280959537944976 0.969536430247695 0.032318887294574106 0.19432312631319915
0.5975333049608464 0.47509157668455393 0.080447203742953 0.8643968256974047 0.5231628692051374 0.4680058712723436 0.6252875163396432
0.9984949520945584 0.31762417535512 0.833819938537539 0.5820709782807716 0.4126196647977006 0.7867710644754443 0.8414232530189466
0.8495267989755566 0.6960483430208926 0.8341605057029087 0.23672220269691013 0.3395829657665047 0.6344482689858006 0.7272418487770093
0.4441989749855202 0.9796742534045282 0.8783564649947898 0.5235627211601618 0.9263444040046953 0.3941993018898704 0.9585074037142639
0.07573373701064279 0.518892560490595 0.9127470537749959 0.3982593823413355 0.16522908749056597 0.7445050740647425 0.08014931919037416
0.3597559288246269 0.3077761841993967 0.9186460545992303 0.8672987262080609 0.636655197039716 0.20042301341203583 0.9517902335179186
0.6280640290958498 0.06173028649818979 0.0922798363620071 0.08603987995190165 0.9459693541477234 0.3930457270008183 0.34602985414634824
0.5105824131328722 0.5509435470949459 0.019319217661743604 0.09107797814635843 0.4507539892420964 0.543035802986824 0.6533702280590544
0.4181667949806426 0.28269637371987055 0.75724596320352 0.09157413388159208 0.3335897370570521 0.8586318573123204 0.6308175564951589
0.8845165376332484 0.2181907102839935 0.7234922721207298 0.10123892348521712 0.7597554288731099 0.5707493028480835 0.9102214865649983
0.5695000194504358 0.07713818539699901 0.8556529305957998 0.8289104137628687 0.5468229797341885 0.24093272067154503 0.38225547363381174
0.7024423215134332 0.2519075870433154 0.6644790356466752 0.8681839151876427 0.954368800820411 0.615865606952549 0.061581940557137615
0.3874603948313159 0.8530211442957965 0.753917895485976 0.9861936595938312 0.17171775044189796 0.4991632324677663 0.8412278806715664
0.3101150944396329 0.8170493663838252 0.6238236332014733 0.41526225868152133 0.8199138216457696 0.2971512084181118 0.571798762832532
0.0567130954407149 0.6256272931746754 0.3846406050992056 0.8118235103707366 0.4482686636359563 0.886908487832716 0.3953110209349531
0.8080501747169876 0.004457942630097134 0.4760289131804841 0.8935482423038618 0.5293200324111526 0.11166576491003599 0.39571940315390963
0.05850753311746626 0.018671598695015557 0.6214732638036595 0.5807238394874337 0.8187787039058901 0.4189338231435572 0.42169532859701153
0.5601339741512886 0.8029975896508834 0.02017878597622036 0.8747065547222636 0.8143024637536977 0.5633880856915189 0.20103817101779997
0.03589283389984266 0.6675312696187979 0.266721167850163 0.26737634907802066 0.37399846377568213 0.6673925384140467 0.6917187226926429
0.7156559533553837 0.5262222353861876 0.44298286774188267 0.47104801106916616 0.3925207641414704 0.7315172671360027 0.12419435454042282
0.7377896170927382 0.8943877435876724 0.85505975735309 0.6686137731476705 0.7291689592702337 0.45524884419524403 0.4876520840744397
0.22447696051535881 0.45465160560125295 0.5486620224734278 0.7397853812971616 0.8192403601790239 0.3502182468659403 0.5934097859313683
0.7014670128240994 0.8951090825374275 0.3335342021069503 0.017337922999626998 0.5276606695986616 0.9040875956290676 0.9196823240133293
0.32692970402427424 0.25545991030333004 0.8253605541804009 0.5233416801437327 0.37126082660918436 0.1049589034978542 0.02840528346761617
0.3023116256636672 0.6233341319153038 0.7697057328300181 0.8648112428513712 0.7265113428303809 0.9785400173728467 0.8738737808767595
0.6749760006807808 0.8604828596656175 0.3058110340630358 0.16003356248695733 0.7431246644611533 0.6332294779966726 0.05010569300797896
0.9149350449751407 0.05100495294846341 0.8471915096378237 0.7907880535770825 0.016817355919105603 0.37770726523562514 0.7360952701631016
0.960013208094355 0.9140917944728232 0.19725058995513756 0.9350406435590092 0.8977433977060484 0.5582601405379453 0.7470958051063246
0.774927259260998 0.034062023438179434 0.4741769801765163 0.2730060331423231 0.4450818178445274 0.4045400068973575 0.2686813746374357
0.6142236200383969 0.13945977290940237 0.31117643361961433 0.7489266449140619 0.28341715661175937 0.7265409764335552 0.9229045293831016
0.5396933053487483 0.38520926162683755 0.4848523416203191 0.8164164960378044 0.45129752523696265 0.6254042853148465 0.8015269626341676
0.28123778604492544 0.2770202713543679 0.025660457371341594 0.004082224755171948 0.07466858359670281 0.9923192848131964 0.5168714505205952
0.738301850619327 0.17486129913300263 0.6837059721440517 0.009381573355459305 0.3373485249472482 0.9143649474773312 0.18309740214505965
0.9792690954300108 0.2678703294058641 0.9685174520358265 0.6402013118354027 0.9936010979288061 0.8915169567321248 0.3400960681701264
0.2506334538609162 0.2919023369830347 0.3104959852769147 0.8342131394960843 0.8811582312172755 0.2191610446964164 0.8135993962220744
0.30218350522571136 0.08735155588647836 0.4639737403884039 0.15990179180160302 0.4237282526355596 0.11877661046389865 0.8008838620979908
0.2723648171778338 0.27748073006694585 0.3400473459018002 0.1222827310318475 0.9597065196501464 0.3595975552317804 0.11151309945909471
0.8398437161898409 0.9376845428160884 0.48888783777262723 0.17502824944802664 0.8227484648463033 0.12559074972803008 0.9911732474117898
0.8775538890105151 0.15614455372022318 0.4582574685884734 0.6266243924602121 0.24777464714187458 0.4825274633733766 0.4955666786369828
0.865945815478236 0.8157273098659233 0.2683567871341903 0.8542876992927165 0.21926590913253885 0.8993322046809495 0.5673147729824818
0.9305487011003778 0.8934272896490923 0.14238077927875603 0.7498523335859043 0.7005945526012064 0.1622616795248858 0.3269435835382416
0.19531258253908235 0.2245850739441505 0.35363166908564625 0.09384779930893683 0.47950566388223415 0.26552575481491647 0.6210317661281496
0.9885372068865899 0.10289423516777729 0.933774228895085 0.28998729658256595 0.6871657766647162 0.947919530924158 0.24910539401232756
0.5888686034682394 0.8704893163652944 0.11685011232802056 0.9111525348372723 0.14043449339865788 0.15375901722184748 0.31561339344437445
0.5277530267630545 0.46222863948477544 0.5588755517142385 0.9800629568326487 0.9852005750294331 0.5993786802931071 0.05450214783709584
0.10448744318752601 0.15055688501260367 0.9960299439981932 0.7649024036533237 0.19810521020451743 0.5072485675843172 0.739052664463371
0.8914015623400467 0.8482095846906459 0.569215755192206 0.787296770757851 0.90142410844988 0.9868229135121868 0.7298062314396766
0.040391016554070514 0.1489288349561243 0.42409045101569187 0.3556155435530789 0.6953185798789403 0.9833138464843659 0.5313128798526237
0.44872215788195724 0.3650421886346853 0.14234531389034755 0.16310586099332003 0.35501556956998204 0.8541002610931249 0.15312444237814915
0.5937070928641477 0.9228912669114828 0.38643726585380955 0.49238171813863385 0.25518227392218773 0.830784697680318 0.25688041458673405
0.07570800831512925 0.6162860838095496 0.1066395449217219 0.9358062011630984 0.29799612651250973 0.5267361083300509 0.648427473256746
0.280891416215754 0.34215122609504467 0.30452000110229294 0.9263868221552518 0.4314150206674411 0.4671034008031095 0.4752224553998128
0.9481331100579989 0.31871040843319354 0.1601343487801301 0.9258842726324261 0.9443157949456592 0.006337047015642749 0.4716443793912517
0.4824870293424446 0.4665587388706568 0.9640202051351364 0.40955840295777846 0.7701494685950054 0.16477226185780125 0.8887935247158454
0.7359336978045099 0.35218752758100313 0.7255675602344667 0.2727468635994216 0.369932345199513 0.7324087580285314 0.8215909042437872
0.5812628388660418 0.7769927975634908 0.9070569633946611 0.7981462003236425 0.47335550321345676 0.09823338820040417 0.65879994007069
0.4785407453840266 0.9645234131866799 0.9361239164125297 0.6853712061498225 0.9829693484396067 0.4882570715673127 0.3030182411889586
0.43450913000277724 0.6859545612336884 0.15478001727468282 0.036240595306547996 0.5880197029104137 0.6706234335841007 0.3057019157558786
0.00727553391262703 0.1254216860910108 0.1923020302130286 0.7555646081728448 0.13818728048274476 0.4629822214029451 0.607930090512097
0.430548406859933 0.31156817994515806 0.7201186942554169 0.7529298662895479 0.06315945519577448 0.7716863004960112 0.7671988922260032
0.5684376727778814 0.9545592166316804 0.8667360642197507 0.8989026041006755 0.5720636180174562 0.07955101280054011 0.6801029444237534
0.027631052740166306 0.9861727014371786 0.3710535045442367 0.8921412589380447 0.15957417096100035 0.8319090733577006 0.6140762416415505
0.24695528146022105 0.548110124649123 0.4833590862707363 0.022472510539813473 0.5607177394349282 0.8411124884265753 0.8874067954708899
0.5207980452435442 0.12410198327164279 0.13946899650828315 0.6352187179813837 0.7110529121519519 0.4180034387067515 0.39866529588050104
0.8493348729975 0.4018702304299976 0.23105070913984072 0.7752234222280401 0.13745038280622013 0.6396457314007459 0.5396047586900777
0.8838837513588874 0.48712084615921325 0.21415553969094214 0.8435601050079067 0.6349700034519172 0.8750724189633229 0.726033711034092
0.6304446135592564 0.12106866805857752 0.6680737471083843 0.590731866375594 0.8722718179835353 0.34141739136664007 0.22034844835158574
0.6785737564824927 0.05123680184212931 0.5299809505240076 0.15494219783342267 0.729678878582073 0.4745013687883819 0.15369524810404633
0.587098937968842 0.8829608930481869 0.17210353123836386 0.225607298702326 0.7799103881658794 0.09874792044698033 0.9818765235296822
0.8438991497396873 0.9542782975920505 0.28445427323532557 0.7806631190452631 0.6842954371891258 0.7722292919341566 0.5589885841765094
0.0987559742548535 0.013947856915709322 0.8111738108172273 0.5931430998718427 0.6075464280261499 0.1165413431675516 0.0016894086394604324
0.22482799445904988 0.4542815651005814 0.021248085479386725 0.5791743148356812 0.7156770744700238 0.07764745037559884 0.931859405681974
0.40079767856558723 0.7934592124781805 0.3912134614797632 0.5177346325671935 0.5886231253105225 0.19427802865682786 0.39027020289762226
0.2755854051427453 0.10211662101667263 0.8060871475574379 0.695581400125653 0.9845053618603026 0.37878750363305647 0.7331654973159346
0.33908841167129444 0.6545599537982566 0.2620508346247211 0.39777199835515686 0.9011835323890576 0.8748617330053541 0.719323324733508
0.5330584592169912 0.4503238142207532 0.14772787524462083 0.4470710595007885 0.9615814037400817 0.832502888878693 0.8754400557075994
0.9911898584295727 0.8981453346915262 0.32504842254921285 0.224595369926067 0.8750613130539937 0.4909959751939894 0.019605518763660346
0.09524398764301423 0.6649385840382809 0.3607720340106547 0.3004582096622883 0.8494070686472888 0.3185466838826748 0.6539520567638788
0.7770952863608113 0.246243189337648 0.9160141591857237 0.9247392645683082 0.21686984336835802 0.22282953536942496 0.05151422147892404
0.5415626124667493 0.1830767893828421 0.47340016028489074 0.6909024276717329 0.743562070663198 0.5203970708396138 0.8889605561793054
0.13892006269100976 0.17117524258427985 0.12820844819307953 0.11497837543298317 0.20319617712696048 0.9758420353891315 0.9083458025095077
0.0641787459348091 0.159501971154401 0.9960636793015157 0.6618581136643853 0.43056616469285636 0.7795326783553914 0.550854512617935
0.9813697195931744 0.06530411065760344 0.7866076936032486 0.048383842382479614 0.9056502974712229 0.5128502873340328 0.08513978412916956
0.8176816806235722 0.03505568575611129 0.9880107375288896 0.6554726216249324 0.10492268013908967 0.859177021345851 0.2505279936358622
0.8057961322297414 0.8215460663246815 0.7736737288921104 0.3433426400769428 0.1428174283148429 0.9213100132863855 0.5783124760178272
0.25586752352733255 0.9367260579445797 0.31773560941989853 0.5210383045090947 0.7475077944662436 0.7391657956209171 0.19889538959443598
0.2630542877279184 0.8362963716767358 0.04513236857516012 0.8477930574315361 0.8974107200903382 0.7199877411300196 0.6477770853524987
0.9571737898378643 0.21011338667230606 0.8363084101448998 0.026716250221772486 0.8700669489493315 0.9844875144056433 0.4341655652789377
0.44670725472972694 0.41924328567706737 0.8681479055094355 0.4478024034066689 0.37462408597925045 0.4471265377256992 0.1217014835881488
0.9737778317962621 0.748290302637901 0.5669735985910603 0.9998324060006252 0.903487118946363 0.008338019682842424 0.43443239791379695
0.5542130039242027 0.41372964254778355 0.9583215146088783 0.4277591767758978 0.004495993565114209 0.01942532797219121 0.5536429875796174
0.38643685022407015 0.35163136308149756 0.05273546645198324 0.2035449521113416 0.5243565050941271 0.8376676573662396 0.41722263967494533
0.7451173085195109 0.6636405042135549 0.16171220920229334 0.6082907364484694 0.30748983104180605 0.24598021963936334 0.04137630691153138
0.987882512845315 0.07653743705838234 0.05713097418379376 0.3219036889598388 0.6728834771565583 0.5686383938042501 0.9350239161651075
0.43503566970256635 0.7513496492597317 0.891378349670092 0.5568967173861374 0.35762599366883807 0.5246958347710551 0.06616847788072244
0.32342520482128245 0.481538962744001 0.6921073168437537 0.3284852511663878 0.17069851394997293 0.36452573443485436 0.8949003954450715
0.950740788922621 0.002314066849859353 0.9950601854621491 0.8231830795397463 0.3978996456696775 0.5237438668326753 0.8189788866941395
0.9675433459476515 0.31960806412614584 0.8764486958842365 0.5056146321392593 0.7687156073315171 0.6689840581019009 0.5821307417847215
0.6279266814329308 0.5237908828732976 0.25715443462253396 0.8795684821394099 0.10535905006434754 0.7915243795091105 0.21115571110652886
0.35841300734753345 0.7917917053677314 0.7188169991440598 0.0059649983223812875 0.8499147123672564 0.21975379675889273 0.5528049688146811
0.8232484399193142 0.3945563773094538 0.6363663984630616 0.518758553600383 0.3431696869400789 0.936101288929491 0.28433387060540094
0.28144727459768226 0.744241530926934 0.43599341505450084 0.5123156789982155 0.7714302898699216 0.009605054838111693 0.07743523525375695
0.14545322259722004 0.20148826654172758 0.044264551900861204 0.7499435328607039 0.171089126287147 0.5390818243534754 0.13652602529085311
0.36245248067905633 0.06434501568171014 0.09690954312728739 0.38704184447382195 0.4646787028485806 0.005497915323932512 0.39385504938007965
0.11543923860355598 0.8310829591617778 0.7977455367603002 0.06128408706958388 0.2542033227197905 0.5375820872295837 0.16074911482543186
0.7077876707107426 0.13620514838922515 0.3563469302069965 0.801718317052153 0.0725719977623085 0.7038746763034769 0.9870687552166255
0.28568696448165354 0.3091380839593345 0.2126237300183429 0.7400150489029151 0.655707172602527 0.1502347997778466 0.4891012261205103
0.9996639796729038 0.23291799723970452 0.7994688195655378 0.25203826885951586 0.39274509159907167 0.9425520418522614 0.7191468171673433
0.5915981644168986 0.8062762357663753 0.3523391574437814 0.8798618727937503 0.0009612638016888164 0.2617402408199907 0.8636579321697951
0.9062842519602469 0.14500578116999652 0.6558407749468433 0.1505277535992291 0.9756905205720982 0.8740716779681617 0.2145105760475946
0.8614755097984502 0.045433176559856236 0.6911144318873909 0.5628904728640386 0.40828704514125214 0.575391002447596 0.3839592917845265
0.3885397761628546 0.4950446824457826 0.0684594133830182 0.6813173128868036 0.16442780170089122 0.6178473146676301 0.4696743809211126
0.3960050808971325 0.03536115435648801 0.612869393341889 0.6365939167681498 0.016732627687874757 0.891415706266325 0.016494973945587743
0.9173512769659423 0.4542245360560968 0.4907977140659475 0.06507202347459617 0.9306693792291115 0.7581819168188642 0.8574564405872017
0.2146116092352316 0.16448835299371545 0.4864244696732074 0.09620299302868018 0.6885145919302783 0.7157863698171354 0.9143049518827957
0.857839610976622 0.29001983669459397 0.09844351821291342 0.011614128828541403 0.30744169538604305 0.6625100555165381 0.6633260682686901
0.5243076180987027 0.6563409035781026 0.5710742516969506 0.12797031896973876 0.2760974573048396 0.42602640322979857 0.24227730431035066
0.5614955654884884 0.7588292704898666 0.5455585467910464 0.3873427274996981 0.12571818277923907 0.6475007700301163 0.9280401535863543
0.6324250576564586 0.5740754236373802 0.16296033218186656 0.7145286886054547 0.7596254692168922 0.14914590435589503 0.034508164712281464
0.4932912035662973 0.9643409735428311 0.21340206531671035 0.8400033444025398 0.3128008317349177 0.6848194211581666 0.39744708706094967
0.4009516727990221 0.5557729737712769 0.14346695761370687 0.09727893860123593 0.44789556834250954 0.10703529467107564 0.3708540615662983
0.5078527051982709 0.7240585148379542 0.12649194063675928 0.9781719707561152 0.8270336737216659 0.9313853923325286 0.9928093848475528
0.6733434763169039 0.5423131255182843 0.7282472831728414 0.6762687162119336 0.5821945939943993 0.178512398815444 0.8993566108874009
0.13284336241980887 0.6312851374959809 0.885482009220445 0.10051721233664779 0.5112654741384502 0.8085223821280184 0.604701362471468
0.15072135725087454 0.46622732091347974 0.9843601407257175 0.38192950766761624 0.7977998067346512 0.5362290811951937 0.9162980571839059
0.6170613231571768 0.09644238264953353 0.6184509582071746 0.27419758636607094 0.03838339092069365 0.7571969108347414 0.6407583974042734
0.25613848878956236 0.5373729590848744 0.7256486109853324 0.5563145866817858 0.5363246376861012 0.783576654055724 0.2513619828930448
0.8621949429219502 0.8684411110866247 0.5029340374123409 0.36978455127479315 0.7169431689668815 0.912606170680985 0.25885893719058584
0.9400654402239136 0.9682698359811028 0.3137558538911486 0.8568386260587276 0.9730567329300787 0.7271726088635091 0.3532546369413442
0.4105993703557681 0.48333156958638424 0.9515012004640019 0.21302965118135475 7.760703559167581e-05 0.618561452284765 0.08028404859304183
0.6832623119953459 0.2963320382872012 0.09658878851082575 0.432249406486406 0.7366066356557077 0.41705400938462245 0.2942532516246865
0.5107352873286046 0.6129626212064484 0.888932117345641 0.2902303748263465 0.787159476126249 0.7307712906544117 0.25130438908656916
0.8704072993736166 0.36528571851597313 0.5793920948529235 0.6753680261748105 0.32112178383615886 0.7162902341894191 0.16205142234013803
0.9347178076139596 0.9644226282391959 0.9643167898325362 0.8908250575590277 0.3729579937981137 0.8281909373334386 0.7687671276901785
0.46825743863416713 0.09603987673931746 0.5235493984549201 0.7518615026537736 0.8869328489355253 0.40005431936677993 0.839640108507627
0.09751918931974857 0.4495263486129947 0.40934152662042844 0.13466201401620548 0.6677882615421853 0.288872048697279 0.3650260556101247
0.6474466350294268 0.1458484446765842 0.5521487552284303 0.9767559232056044 0.8177268222084112 0.2705025136192871 0.26585527151943433
0.25830412033776207 0.11608897944631669 0.08252286180065138 0.11131665122112455 0.3388410744006599 0.3626760913663414 0.48686221719459466
0.03920130783204778 0.7356470408754773 0.6826618363743707 0.869054062857279 0.7724338889440069 0.8494026214408267 0.14621168629923698
0.8163810253078385 0.7926115412561728 0.6137222888594274 0.7826773898400687 0.2504352890521341 0.890962746197286 0.12686713418405338
0.8239183665053252 0.14718095832960165 0.1504852867661408 0.04101121054377077 0.8195476335829095 0.2688136479086167 0.21595002149768372
0.08352399035397784 0.7071042962181334 0.6808296738586946 0.5903758722342455 0.10675689886826556 0.6653471041805127 0.22412874514431558
0.8341266046736602 0.9868072879669133 0.39679177113318465 0.32827718732829014 0.38610346356192116 0.99769272240138 0.4640242451728158
0.054007136527441046 0.6122810274564432 0.036259779823754945 0.3884345985974109 0.7434378265881332 0.5169779324223124 0.6769249120704686
0.8249005395309155 0.6511552163217328 0.38717913127853476 0.7734940857594265 0.8971620442902194 0.23949098715255135 0.07931383064235509
0.8860450087497738 0.019167237318594932 0.40859113397144486 0.6326271874748362 0.4514638746667571 0.8238760052562789 0.5656675597884129
0.11422402642600071 0.4428813125174459 0.5821186497057171 0.7753446867486113 0.6028791934844994 0.35380440335719343 0.16720665379371624
0.5835616023348857 0.6290994673628267 0.7376952844227525 0.0006789864272476187 0.6434749472188117 0.6193763752077072 0.9050531720016098
0.4515564556481467 0.6333869798492446 0.8089531972176177 0.13377727794007843 0.041050206082952845 0.24681126704643863 0.7090005937411338
0.5625335604045538 0.37548774732683854 0.853631710048154 0.11154561560032572 0.38577886665365246 0.7762777137015295 0.9521297763670898
0.4189289983737363 0.0647627609602297 0.68866863122204 0.08917823075926767 0.6615209065337787 0.10106922577574684 0.35635661930374973
0.15954411479674957 0.464505107728452 0.45340903691401657 0.4013591444270356 0.06282681163665982 0.0883907181499638 0.463326697459412
0.1051740388825011 0.5550617543957679 0.6554176055159326 0.6498798652086984 0.6645320867241964 0.41975592983667176 0.9359327306577719
0.017289710834478056 0.1811350358082806 0.10563319867370424 0.6575225458224389 0.9933896049106477 0.9145896277402196 0.5115181743945483
0.38690640902617424 0.6054287506353281 0.7358155789871587 0.4204288725544094 0.8018129449901047 0.7319233390214458 0.5140677131525734
0.5605735837268676 0.13675689580425876 0.8210343944682993 0.09802005247034884 0.18334370313957116 0.07091285255264612 0.7876389418754149
0.2891454747758281 0.15203647454883973 0.19076096117862384 0.45373387591780834 0.5933993266246931 0.7243409089680791 0.2034282629269577
0.10828328243170049 0.6694327956281725 0.6443052113739591 0.5805423708475265 0.4162822031021348 0.934333667282537 0.20041708231949096
0.7070981147607509 0.35295345558733804 0.04375275164865122 0.005216755704914755 0.07009669470972912 0.4917605023533743 0.848286731678772
0.22238096660711104 0.5768686877981712 0.2724284075035386 0.634919486073361 0.10088491650761133 0.7158847134775128 0.12170911303779763
0.4185291943539291 0.5026660515474551 0.8354993948090749 0.8119966435166599 0.7800659491375759 0.806355670573382 0.121595522366155
0.7083596216560332 0.2877693500670846 0.1900913185892832 0.9385670339306827 0.242482307684604 0.6605237358449532 0.6263659227074644
0.9596919966216687 0.36072439284554225 0.9813677640087382 0.17958500471698835 0.7723235995597436 0.989413665702917 0.840441496934339
0.17171350870481938 0.4419264269313976 0.5423772768901582 0.777382791639819 0.033951172949802766 0.3608492396843157 0.398940667986333
0.11108103497374366 0.01833674322652956 0.3990084215265647 0.7601677161118924 0.5637047431643668 0.9578505244962856 0.3310873158550014
0.49683634076946326 0.05005697397283859 0.8351751703296776 0.7565066507350056 0.8993175405358543 0.23775376489875044 0.6049648940730064
0.46406235731900636 0.18262392933995597 0.15542834373013814 0.7403178993120184 0.1790984639481119 0.4162846942966978 0.43680640515160274
0.4251605251155389 0.054875014880656936 0.8330096823582013 0.06582879985344703 0.10091906932507466 0.052024863657723075 0.13754983309927105
0.8036584630481435 0.32759533311280065 0.5110830204768982 0.5889083731058112 0.9075993302072229 0.9606008826205744 0.7210737097188541
0.7565508404613606 0.9866676918788101 0.10353154713967794 0.07086444241053647 0.667679334720738 0.40786831358792575 0.8096781703400221
0.9287629448740882 0.4041259205781973 0.30504729722784585 0.9595573276082713 0.8161988183694278 0.5471112405567731 0.2816518704311236
0.700759799410243 0.9168217881786972 0.5525322162112859 0.8575574431160513 0.46402861859977673 0.7633093891773266 0.969614678312992
0.31575626074447893 0.8058647017772756 0.1820604499401287 0.26496349883242365 0.9149793970646058 0.6372453400383162 0.943602036084529
0.3760835353659817 0.7485884169465258 0.16484193852031737 0.7652531831831407 0.12721049070483048 0.5255566081111711 0.03251164989679611
0.8495088464342101 0.6428593839958018 0.9201044686993892 0.2229086591669842 0.34266856011334756 0.5914861371738893 0.3172118500913188
0.5926076522025736 0.3232093539758828 0.7144640574014436 0.5045880854217804 0.09964592278924045 0.41679434083824407 0.5846925909659276
0.5967663155979777 0.5923365487632336 0.9303968133342789 0.10790129728410391 0.10615620058095576 0.6931117438606711 0.4322596596317484
0.7518951085711433 0.7464233944579579 0.6180103607320047 0.021198008135853375 0.23959670078857875 0.292989304929933 0.6670105569889009
0.1204033005751538 0.10173196975664145 0.7206172559018444 0.3763862631898879 0.25469639053598403 0.5398930946257963 0.9067284446843826
0.9345504234806057 0.8816845765745996 0.8034822115451699 0.8822698368987261 0.8301753010617258 0.3713871727568412 0.2831004637365214
0.68915013185328 0.022825863103913435 0.2688888169853808 0.1250816682406265 0.2627380946362279 0.09709495473819996 0.5767021363853501
0.25109289694748504 0.3006763134554413 0.9181768773522666 0.6960298320233427 0.508105623516064 0.9284727122728483 0.6020754145949863
0.8545188098014251 0.13860561423314544 0.4194792967291009 0.028402369937141514 0.5532221057121862 0.535969545437643 0.4314503636319962
0.5605608217774558 0.9677981484172877 0.131735924280592 0.3596539399233243 0.2943508614843251 0.5712268182729051 0.062946213204077
0.9260127648508124 0.3613488017189408 0.8405352749438428 0.050514839765981034 0.048912642087441394 0.5487567540440191 0.9749537745428037
0.2310958012287606 0.6859942834517662 0.6105198751666039 0.5781429668738336 0.07369921698382875 0.9727278933287455 0.9951147768685195
0.39226293287213243 0.075932149055979 0.6824177590578551 0.0980446214828633 0.7927857424623197 0.7419175605078315 0.004812238335570873
0.2549445113951373 0.8262842878850786 0.536756077914485 0.9616286066971481 0.27254106286318724 0.1775009164816419 0.640929240935211
0.7606251142548197 0.5636800718526439 0.8598545764054576 0.819186836873422 0.5637193408264617 0.043888663596514 0.6489630612318985
0.4813643296878538 0.11169628739742432 0.6804215910516701 0.4110675680447965 0.0626968117993405 0.3283633291034753 0.4623192935316517
0.4444824757377873 0.19429616284922846 0.5046918739217902 0.8119009304640599 0.8613106422014515 0.6969622971017125 0.3984149575784307
0.19501529605341095 0.3680035485048453 0.8319274952059458 0.15148761314207682 0.3453144455031021 0.5406713214710566 0.6807303132598354
0.20518356770739365 0.6570415484733397 0.12269627311637132 0.795708777487217 0.07067219462139973 0.6270144779653591 0.09388126956358567
0.20778679609992534 0.014943775859074582 0.811042968009329 0.8644487685738428 0.6030457370874778 0.2410467658824469 0.11540925183248008
0.24144721464354713 0.8600703165946777 0.1007127146426019 0.6412013751828717 0.7653092733665858 0.828394060517015 0.2253071755241114
0.8774198028028576 0.10082187363838557 0.6231250455443412 0.7058522042832691 0.8255074153355496 0.02758994242039292 0.40697869743489556
0.7083061018964836 0.9916969080919809 0.31137211663767317 0.5916497152947213 0.23822548973596358 0.6006709208945457 0.019759021920635944
0.21740591721524094 0.5223718752860623 0.1379178049729377 0.8896178475027899 0.9333581803630853 0.4773202959591619 0.7134898192498731
0.7967978465600216 0.5760116950325027 0.5936313278928346 0.7084057081118681 0.829142471782093 0.49451651736598956 0.8356771761537909
0.7259049947115322 0.004075694733403301 0.6661388251412513 0.18581676298002658 0.221134534360531 0.6935902999291247 0.33027221230819304
